SampleID	P0	P1	P2	P3	P4	P5	P6	P7	P8	P9	P10	P11	P12	P13	P14	P15	P16	P17	P18	P19	P20	P21	P22	P23	P24	P25	P26	P27	P28	P29	P30	P31
A1	1		1	41						1										1										1		
A2	2	1		46						1										1										1		
A3	3		1	36						1										1										1		
A4	4	1		40						1										1										1		
A5	5		1	36						1										1												1
A6	6	1		40					1											1										1		
A7	7		1	NA					1											1												1
A8	8		1	36						1										1										1		
A9	9	1		29						1												1								1		
A10	10	1		41						1											1									1		
A11	11		1	44						1										1										1		
A12	12	1		44							1											1								1		
A13	13	1		45						1												1								1		
A14	14		1	35						1										1										1		
A15	15	1		40						1										1										1		
A16	16	1		33			1													1										1		
A17	17		1	37						1											1									1		
A18	18		1	42						1										1										1		
A19	19		1	42					1											1										1		
A20	20		1	46						1										1										1		
A21	21		1	35			1															1								1		
A22	22		1	34				1												1											1	
A23	23		1	NA																												
A24	24		1	40						1										1										1		
A25	25	1		NA																												
A26	26		1	37					1															1						1		
A27	27	1		29						1														1						1		
A28	28	1		35						1														1						1		
A29	29		1	40						1												1								1		
A30	30		1	46						1										1										1		
A31	31		1	37						1										1										1		
A32	32		1	31					1															1						1		
A33	33		1	34					1											1										1		
A34	34		1	35						1														1						1		
A35	35		1	41						1										1										1		
A36	36		1	40						1										1												1
A37	37		1	43						1										1										1		
A38	38		1	46						1										1										1		
A39	39		1	35						1												1										1
A40	40		1	34					1															1						1		
A41	41		1	37																				1						1		
A42	42		1	31						1														1								1
A43	43		1	46				1																1						1		
A44	44		1	38						1										1										1		
A45	45		1	46			1																	1						1		
A46	46		1	42					1											1										1		
A47	47		1	38						1										1										1		
A48	48		1	38						1														1						1		
A49	49		1	48					1											1										1		
A50	50		1	45						1											1									1		
A51	51	1		38						1										1												1
A52	52		1	45			1																	1								
A53	53	1		40						1										1										1		
A54	54		1	38			1													1												1
A55	55		1	44						1										1										1		
A56	56		1	34					1											1										1		
A57	57	1		40						1										1										1		
A58	58	1		43						1										1										1		
A59	59		1	39						1										1										1		
A60	60	1		40						1										1										1		
A61	61		1	35			1													1										1		
A62	62		1	39						1														1								1
A63	63		1	40						1										1										1		
A64	64		1	36					1											1										1		
A65	65		1	60		1														1										1		
A66	66		1	32			1													1										1		
A67	67		1	39						1												1								1		
A68	68		1	41						1										1										1		
A69	69	1		44						1										1										1		
A70	70		1	40						1										1										1		
A71	71		1	44					1														1							1		
A72	72	1		37						1										1										1		
A73	73		1	42					1											1										1		
A74	74		1	40						1									1												1	
A75	75		1	46						1										1										1		
A76	76		1	39						1										1										1		
A77	77		1	39						1														1						1		
A78	78		1	29					1															1								1
A79	79	1		35						1										1										1		
A80	80	1		51						1										1										1		
A81	81	1		39						1												1								1		
A82	82		1	38						1										1										1		
A83	1		1	37						1									1											1		
A84	2	1		43						1									1											1		
A85	3		1	33						1									1											1		
A86	4		1	36						1									1											1		
A87	5		1	37					1										1											1		
A88	6	1		46						1									1											1		
A89	7		1	35						1									1												1	
A90	8		1	45						1									1											1		
A91	9		1	45						1									1											1		
A92	10		1	48						1									1											1		
A93	11	1		49						1									1											1		
A94	12		1	40					1										1											1		
A95	13		1	40						1									1											1		
A96	14		1	42						1														1						1		
A97	15	1		45						1									1											1		
A98	16	1		39						1									1											1		
A99	17		1	42						1									1											1		
A100	18	1		39						1									1											1		
A101	19		1	41						1									1											1		
A102	20		1	40						1									1											1		
A103	21		1	39						1									1											1		
A104	22		1	39					1										1											1		
A105	23		1	34						1									1											1		
A106	24		1	48						1									1											1		
A107	25		1	35						1									1											1		
A108	26	1		38						1									1											1		
A109	27		1	52						1									1											1		
A110	28		1	43						1									1											1		
A111	29	1		44						1									1											1		
A112	30		1	41						1									1											1		
A113	31	1		42						1									1											1		
A114	32		1	40						1									1											1		
A115	33		1	36						1									1											1		
A116	34		1	39					1										1											1		
A117	35		1	39						1									1											1		
A118	36		1	36						1									1											1		
A119	37		1	38						1									1											1		
A120	38		1	37						1									1											1		
A121	39		1	40						1									1											1		
A122	40	1		39						1									1											1		
A123	41		1	46						1									1											1		
A124	42	1		15	1														1											1		
A125	43	1		15	1														1											1		
A126	44	1		15	1														1													1
A127	45		1	14		1													1												1	
A128	46	1		15	1														1											1		
A129	47	1		15	1														1													1
A130	48	1		14	1														1											1		
A131	49		1	14		1													1											1		
A132	50		1	14	1														1											1		
A133	51	1		15	1														1											1		
A134	52	1		14		1													1													1
A135	53	1		13		1													1											1		
A136	54	1		14	1														1											1		
A137	55	1		14		1													1													1
A138	56		1	40						1									1											1		
A139	57	1		40						1									1											1		
A140	58		1	41						1														1						1		
A141	59		1	43						1									1												1	
A142	60		1	39					1										1											1		
A143	61		1	39						1									1											1		
A144	62		1	40						1									1											1		
A145	63		1	41						1									1											1		
A146	64		1	45				1											1											1		
A147	65		1	36						1									1											1		
A148	66		1	41						1									1											1		
A149	67		1	38						1														1							1	
A150	68		1	40						1									1											1		
A151	69	1		41						1									1											1		
A152	70		1	49						1									1											1		
A153	71	1		45						1									1											1		
A154	72		1	39					1										1											1		
A155	73		1	42						1									1											1		
A156	74	1		50						1									1											1		
A157	75		1	40						1									1											1		
A158	76		1	38						1									1											1		
A159	77	1		44						1									1											1		
A160	78	1		39						1									1											1		
A161	79		1	42						1									1											1		
A162	1	1		62						1								1												1		
A163	2		1	45						1									1											1		
A164	3		1	45						1								1												1		
A165	4		1	39						1								1												1		
A166	5	1		43					1									1												1		
A167	6		1	34						1								1												1		
A168	7	1		44						1								1												1		
A169	8		1	45						1									1											1		
A170	9		1	37						1								1												1		
A171	10		1	31				1										1												1		
A172	11		1	39						1								1												1		
A173	12		1	42						1								1												1		
A174	13		1	39						1								1														1
A175	14	1		43						1						1														1		
A176	15		1	37						1								1												1		
A177	16	1		64						1								1												1		
A178	17	1		35						1								1												1		
A179	18	1		38					1									1												1		
A180	19		1	37					1									1												1		
A181	20		1	55						1								1												1		
A182	21		1	48				1										1												1		
A183	22		1	36														1												1		
A184	23		1	42					1									1												1		
A185	24	1		36					1									1												1		
A186	25		1	32						1								1												1		
A187	26	1		50					1									1												1		
A188	27		1	46						1								1												1		
A189	28		1	36						1								1												1		
A190	29	1		34					1									1												1		
A191	30		1	56						1						1															1	
A192	31	1		40					1									1												1		
A193	32		1	32						1								1												1		
A194	33		1	30					1									1												1		
A195	34	1		53						1								1												1		
A196	35		1	39						1																					1	
A197	36		1	39						1								1												1		
A198	37		1	33					1									1												1		
A199	38		1	42						1								1												1		
A200	39		1	37					1									1												1		
A201	40		1	40						1						1														1		
A202	41	1		39						1								1												1		
A203	42	1		37						1								1												1		
A204	43	1		48						1								1													1	
A205	44	1		42						1								1												1		
A206	45		1	38						1								1												1		
A207	46		1	38						1						1														1		
A208	47	1		40					1									1												1		
A209	48	1		30					1							1														1		
A210	49		1	39						1						1														1		
A211	50		1	54					1									1												1		
A212	51		1	42						1								1												1		
A213	1	1		42						1			1																	1		
A214	2	1		46						1			1																	1		
A215	3	1		39						1																			1	1		
A216	4		1	48					1				1																			1
A217	5	1		44			1																	1						1		
A218	6		1	41						1				1																1		
A219	7		1	36						1			1																	1		
A220	8		1	32						1			1																		1	
A221	9	1		44						1			1																		1	
A222	10		1	35					1				1																	1		
A223	11		1	NA					1				1																	1		
A224	12		1	38						1				1																		1
A225	13		1	42					1				1																	1		
A226	14		1	36						1			1																	1		
A227	15		1	48						1			1																			1
A228	16		1	40					1				1																	1		
A229	17	1		47						1			1																	1		
A230	18		1	38						1			1																	1		
A231	19		1	50						1			1																	1		
A232	20		1	39					1				1																	1		
A233	21		1	28					1				1																	1		
A234	22		1	NA						1			1																	1		
A235	23		1	35				1					1																	1		
A236	24		1	34						1			1																		1	
A237	25		1	35						1			1																	1		
A238	26		1	36						1			1																		1	
A239	27		1	60					1				1																	1		
A240	28		1	40						1			1																		1	
A241	29		1	37						1			1																			
A242	30		1	34						1			1																		1	
A243	31	1		51						1			1																	1		
A244	32		1	36				1																					1			1
A245	33		1	44						1			1																	1		
A246	34	1		34					1				1																		1	
A247	35		1	40						1			1																	1		
A248	36		1	39						1			1																			
A249	37		1	NA						1			1																	1		
A250	38		1	40			1						1																	1		
A251	39		1	41				1					1																	1		
A252	40		1	32				1					1																	1		
A253	1		1	39						1															1					1		
A254	2		1	38						1															1					1		
A255	3		1	40						1															1					1		
A256	4		1	44						1															1					1		
A257	5		1	38					1																1					1		
A258	6		1	40						1															1					1		
A259	7		1	43					1																				1		1	
A260	8		1	34			1																		1					1		
A261	9		1	38					1																1							1
A262	10		1	41						1															1					1		
A263	11		1	48				1																	1					1		
A264	12		1	45			1																		1					1		
A265	13		1	14	1																				1					1		
A266	14		1	43					1																1					1		
A267	15		1	40			1																		1					1		
A268	16		1	33					1																1					1		
A269	17	1		44					1																1					1		
A270	18	1		46					1																1						1	
A271	19		1	40					1																1					1		
A272	20		1	35						1															1					1		
A273	21		1	40						1															1					1		
A274	22		1	62						1																			1	1		
A275	23		1	43					1																1					1		
A276	24		1	41			1																		1					1		
A277	25		1	45					1																1					1		
A278	26		1	40						1															1					1		
A279	27		1	43						1															1					1		
A280	28	1		60					1																1					1		
A281	29		1	41					1																1					1		
A282	30		1	33					1																1						1	
A283	31		1	46						1																			1	1		
A284	32		1	42																					1						1	
A285	33		1	40						1															1					1		
A286	34		1	44			1																		1					1		
A287	35	1		51					1																1					1		
A288	36		1	35			1																		1					1		
A289	37		1	36						1															1						1	
A290	38		1	37						1															1					1		
A291	39		1	38						1																			1	1		
A292	40		1	38					1																1					1		
A293	41		1	44				1																	1					1		
A294	42	1		37					1																1					1		
A295	43		1	36					1																				1	1		
A296	44		1	39					1																				1	1		
A297	45		1	42			1																		1							1
A298	46		1	41						1															1					1		
A299	47		1	39						1															1					1		
A300	48	1		47				1																	1						1	
A301	49	1		42					1																1					1		
A302	1		1	42					1												1									1		
A303	2		1	41			1																						1	1		
A304	3	1		35						1																			1	1		
A305	4		1	44			1																						1	1		
A306	5		1	47					1												1									1		
A307	6		1	39						1																			1	1		
A308	7		1	47					1																				1	1		
A309	8		1	43						1																			1	1		
A310	9		1	46					1												1									1		
A311	10		1	37						1																			1	1		
A312	11		1	40				1																					1	1		
A313	12		1	41				1																					1	1		
A314	13		1	43					1												1									1		
A315	14		1	40				1																					1			1
A316	15		1	46					1																				1	1		
A317	16		1	39					1												1									1		
A318	17		1	41						1											1										1	
A319	18		1	26		1																						1		1		
A320	19		1	43			1																						1	1		
A321	20		1	47						1											1									1		
A322	21		1	41						1																			1	1		
A323	22	1		37						1																			1	1		
A324	23	1		38				1																					1	1		
A325	24	1		35						1																1				1		
A326	25	1		50				1													1									1		
A327	26		1	45						1																			1	1		
A328	27		1	43				1																					1	1		
A329	28		1	42					1																				1	1		
A330	29		1	38					1																				1	1		
A331	30		1	42						1																			1	1		
A332	31		1	47						1																			1	1		
A333	32		1	42					1																				1	1		
A334	33	1		47						1																			1	1		
A335	34	1		41				1																					1	1		
A336	35		1	46						1																			1	1		
A337	36	1		39						1																			1	1		
A338	37		1	37				1													1									1		
A339	38	1		38						1																			1	1		
A340	39		1	40					1																				1	1		
A341	40		1	43						1											1									1		
A342	41	1		40						1																			1	1		
A343	42		1	36						1																			1	1		
A344	43		1	30				1																					1	1		
A345	44		1	39						1																			1	1		
A346	45	1		48				1													1									1		
A347	46	1		46						1											1									1		
A348	47	1		46					1																				1	1		
A349	48		1	44					1																				1	1		
A350	49		1	31			1																						1	1		
A351	50		1	43						1																			1	1		
A352	51		1	36				1																					1		1	
A353	52		1	42						1																			1	1		
A354	53		1	36					1																				1	1		
A355	54		1	36						1																			1	1		
A356	55		1	42						1																			1	1		
A357	56		1	40						1																			1	1		
A358	57		1	39					1																				1			1
A359	58		1	42					1												1									1		
A360	59		1	42				1													1									1		
A361	60		1	38					1																				1	1		
A362	61		1	42				1																					1	1		
A363	62		1	34					1																				1	1		
A364	63		1	42						1											1									1		
A365	64		1	39																	1									1		
A366	65		1	49					1																				1	1		
A367	66		1	42					1																				1	1		
A368	67		1	39						1																			1	1		
A369	68	1		NA			1																						1	1		
A370	69	1		NA					1												1										1	
A371	70		1	29			1														1									1		
A372	71		1	45				1													1									1		
A373	72		1	46					1																				1		1	
A374	73		1	40						1																			1	1		
A375	74		1	42						1																			1	1		
A376	75		1	35						1																			1	1		
A377	76		1	33					1												1									1		
A378	77		1	NA						1																			1	1		
A379	78	1		37						1																			1	1		
A380	79	1		41						1																			1	1		
A381	80	1		36			1																						1	1		
A382	81		1	29		1																							1	1		
A383	82		1	33						1																			1	1		
A384	83		1	28					1												1									1		
A385	84		1	38						1																			1	1		
A386	85	1		38		1																							1	1		
A387	1		1	37						1																		1		1		
A388	2		1	48			1																					1		1		
A389	3	1		44						1																		1		1		
A390	4	1		44						1																		1		1		
A391	5		1	38				1																				1		1		
A392	6	1		41						1																		1		1		
A393	7	1		41						1																		1		1		
A394	8		1	38						1																			1			1
A395	9		1	40					1																			1				1
A396	10	1		39						1																		1		1		
A397	11		1	37						1																		1		1		
A398	12		1	33					1																			1		1		
A399	13		1	40					1																				1	1		
A400	14		1	32			1																					1				1
A401	15	1		47				1																					1	1		
A402	16	1		44					1																				1	1		
A403	17		1	48						1																			1	1		
A404	18		1	42						1																				1		
A405	19	1		35						1																		1		1		
A406	20		1	40					1																			1		1		
A407	21		1	40						1																			1	1		
A408	22		1	49					1																			1		1		
A409	23	1		42				1																				1		1		
A410	24		1	41					1																				1	1		
A411	25		1	40					1																			1		1		
A412	26		1	40				1																				1		1		
A413	27		1	30					1																				1	1		
A414	28	1		35				1																				1		1		
A415	29		1	NA						1																		1		1		
A416	30		1	40						1																		1		1		
A417	31	1		47				1																				1		1		
A418	32		1	45				1																				1		1		
A419	33		1	40						1																			1	1		
A420	34	1		53					1																			1		1		
A421	35		1	37						1																		1		1		
A422	36		1	36						1																		1		1		
A423	37		1	43						1																		1		1		
A424	38	1		41						1																		1		1		
A425	39		1	40						1																			1	1		
A426	40		1	35					1																			1		1		
A427	41		1	37						1																		1		1		
A428	42		1	41						1																			1	1		
A429	43		1	37						1																		1			1	
A430	44		1	35						1										1										1		
A431	45		1	NA						1																		1		1		
A432	46		1	52						1																			1	1		
A433	47		1	45				1																				1		1		
A434	48		1	33					1																			1		1		
A435	49		1	63					1																			1			1	
A436	50		1	35						1																		1		1		
A437	51		1	50						1																		1		1		
A438	52		1	36				1																				1		1		
A439	53	1		49					1																			1		1		
A440	54		1	34						1																				1		
A441	55		1	39					1																				1	1		
A442	56		1	42						1																		1		1		
A443	57		1	44						1																		1		1		
A444	58		1	40						1																		1		1		
A445	59		1	39					1																			1		1		
A446	60		1	49						1																			1	1		
A447	61		1	38					1																				1	1		
A448	62		1	44						1																		1		1		
A449	63	1		63				1																				1		1		
A450	64		1	40						1																		1		1		
A451	65		1	45					1																			1		1		
A452	66		1	40					1																			1		1		
A453	1		1	32						1												1								1		
A454	2		1	61						1			1																	1		
A455	3		1	45						1		1																		1		
A456	4		1	19					1										1													1
A457	5		1	36						1													1								1	
A458	6		1	58						1														1						1		
A459	7		1	45						1														1						1		
A460	8		1	35						1		1																		1		
A461	9		1	58					1			1																		1		
A462	10		1	60						1			1																	1		
A463	11		1	26						1														1						1		
A464	12		1	41						1														1						1		
A465	13		1	40						1					1															1		
A466	14	1		64					1															1						1		
A467	15		1	25						1					1																1	
A468	16	1		62					1																1					1		
A469	17		1	40					1			1																		1		
A470	18		1	55					1						1															1		
A471	19		1	42						1												1								1		
A472	20		1	36						1							1													1		
A473	21		1	37						1																				1		
A474	22		1	32						1						1														1		
A475	23		1	34						1									1											1		
A476	24		1	41						1														1						1		
A477	1		1	41						1													1							1		
A478	2	1		41				1															1							1		
A479	3		1	50						1													1							1		
A480	4		1	37						1													1							1		
A481	5		1	39						1													1							1		
A482	6		1	NA						1														1								1
A483	7		1	39						1													1							1		
A484	8	1		45						1													1							1		
A485	9	1		38						1													1								1	
A486	10	1		39					1														1							1		
A487	11		1	49			1																1							1		
A488	12		1	40						1													1							1		
A489	13	1		44						1													1							1		
A490	14		1	50						1														1						1		
A491	15		1	42						1													1							1		
A492	16		1	29					1														1							1		
A493	17		1	38						1													1							1		
A494	18		1	38					1															1						1		
A495	19		1	NA						1													1							1		
A496	20		1	36					1														1									1
A497	21		1	41						1													1							1		
A498	22	1		48						1													1								1	
A499	23		1	38						1														1								1
A500	24		1	45						1													1							1		
A501	25		1	40					1															1						1		
A502	26		1	69				1															1								1	
A503	27	1		47						1														1						1		
A504	28		1	44						1													1							1		
A505	29		1	37					1														1							1		
A506	30		1	35						1													1							1		
A507	31		1	34						1													1							1		
A508	32		1	39						1													1							1		
A509	33		1	27					1														1							1		
A510	34		1	41						1													1							1		
A511	35		1	35						1													1									1
A512	36		1	34						1													1							1		
A513	37		1	31					1														1							1		
A514	38		1	40					1															1								1
A515	39		1	34			1																1							1		
A516	40		1	41			1																1							1		
A517	1		1	47						1														1						1		
A518	2		1	38						1														1						1		
A519	3	1		40					1															1						1		
A520	4		1	35						1														1						1		
A521	5	1		45					1															1						1		
A522	6		1	41						1														1						1		
A523	7		1	43						1														1						1		
A524	8	1		38						1														1						1		
A525	9		1	36			1																	1						1		
A526	10		1	36						1														1						1		
A527	11		1	32						1																			1	1		
A528	12		1	43						1														1						1		
A529	13		1	43						1														1						1		
A530	14	1		45				1																1						1		
A531	15		1	35					1															1						1		
A532	16		1	42						1														1						1		
A533	17		1	43					1															1						1		
A534	18	1		42						1														1						1		
A535	19		1	44						1														1						1		
A536	20	1		45			1																	1						1		
A537	21		1	35						1														1						1		
A538	22		1	37				1																1						1		
A539	23		1	38						1														1						1		
A540	24		1	36					1															1						1		
A541	25		1	34						1														1						1		
A542	26		1	36						1														1						1		
A543	27		1	46					1															1						1		
A544	28		1	36						1													1							1		
A545	29		1	41					1															1						1		
A546	30	1		46						1														1						1		
A547	31		1	59					1															1						1		
A548	32		1	34			1																	1						1		
A549	33		1	34						1														1						1		
A550	34		1	43						1														1						1		
A551	35		1	32					1															1						1		
A552	36	1		50				1																1						1		
A553	37		1	37						1														1						1		
A554	38		1	39				1																1						1		
A555	39		1	40					1															1						1		
A556	40		1	32					1															1						1		
A557	41		1	46						1														1						1		
A558	42		1	36			1																	1						1		
A559	43		1	36						1														1						1		
A560	44			40						1														1						1		
A561	45		1	34						1														1						1		
A562	46	1		41					1															1						1		
A563	47	1		61						1														1							1	
A564	48		1	45				1																1							1	
A565	49	1		48						1														1						1		
A566	50		1	42						1														1						1		
A567	51		1	49						1														1						1		
A568	52		1	60						1														1						1		
A569	53		1	40						1														1						1		
A570	54	1		48					1															1						1		
A571	55		1	38						1														1						1		
A572	56		1	36						1														1						1		
A573	57		1	37						1														1						1		
A574	58		1	38						1														1						1		
A575	59		1	43						1														1						1		
A576	60	1		46						1														1						1		
A577	61	1		42						1														1						1		
A578	62		1	39						1														1							1	
A579	63	1		38						1																			1	1		
A580	64		1	38						1														1						1		
A581	65		1	42						1														1						1		
A582	66		1	35						1													1							1		
A583	67		1	32						1														1						1		
A584	68		1	35			1																	1						1		
A585	69		1	38						1														1						1		
A586	70		1	36						1														1						1		
A587	71		1	36						1														1						1		
A588	72		1	38					1															1						1		
A589	73	1		46						1														1						1		
A590	74		1	46			1																							1		
A591	75	1		41			1																	1						1		
A592	76		1	46					1															1						1		
A593	1	1		48						1			1																	1		
A594	2		1	31			1									1														1		
A595	3	1		39						1						1														1		
A596	4		1	34						1						1														1		
A597	5	1		30						1						1																1
A598	6		1	39						1					1															1		
A599	7		1	39						1						1														1		
A600	8		1	NA						1						1														1		
A601	9	1		38						1						1														1		
A602	10		1	31						1						1														1		
A603	11		1	41						1							1													1		
A604	12		1	39						1						1														1		
A605	13	1		35					1							1														1		
A606	14		1	35						1						1														1		
A607	15		1	40						1						1														1		
A608	16		1	40						1						1														1		
A609	17		1	36						1		1																		1		
A610	18		1	40						1						1																1
A611	19		1	36			1									1														1		
A612	20	1		37				1								1														1		
A613	21		1	44						1						1														1		
A614	22		1	44						1						1														1		
A615	23		1	47						1						1														1		
A616	24	1		34						1						1														1		
A617	25	1		40						1						1														1		
A618	26		1	43						1						1														1		
A619	27		1	31						1						1														1		
A620	28	1		37			1								1															1		
A621	29		1	35					1							1															1	
A622	30		1	46						1						1														1		
A623	31		1	35						1						1														1		
A624	32		1	40				1								1														1		
A625	33	1		38						1						1																1
A626	34		1	35						1						1														1		
A627	35	1		49						1						1														1		
A628	36	1		41						1						1														1		
A629	37		1	39			1									1														1		
A630	38		1	37			1									1																1
A631	39		1	41						1						1														1		
A632	40	1		45						1						1														1		
A633	41	1		45						1						1														1		
A634	42		1	38						1						1														1		
A635	43		1	36						1						1														1		
A636	44		1	33				1								1														1		
A637	45	1		43						1						1														1		
A638	46	1		45						1						1														1		
A639	47	1		46						1						1														1		
A640	48		1	30						1					1															1		
A641	49		1	40					1							1																1
A642	50		1	35						1						1														1		
A643	51		1	32						1						1														1		
A644	52		1	42						1						1														1		
A645	53		1	44						1						1														1		
A646	54	1		39						1						1														1		
A647	55		1	42						1						1														1		
A648	56		1	44						1						1														1		
A649	57		1	39						1					1															1		
A650	58		1	44						1						1														1		
A651	59		1	42						1						1														1		
A652	60		1	36						1						1														1		
A653	61		1	48						1						1															1	
A654	62		1	39						1						1															1	
A655	63		1	35						1						1														1		
A656	64		1	49						1						1														1		
A657	65		1	41						1						1														1		
A658	66		1	40					1							1																1
A659	67	1		43						1						1														1		
A660	68		1	37						1						1															1	
A661	69		1	40						1						1														1		
A662	70		1	35						1																				1		
A663	71		1	30						1						1														1		
A664	72		1	45						1						1														1		
A665	73		1	42						1						1														1		
A666	74		1	33						1						1															1	
A667	75		1	41						1						1														1		
A668	76		1	45						1						1														1		
A669	77		1	30					1							1														1		
A670	78	1		10	1																				1					1		
A671	79		1	41						1					1															1		
A672	80		1	39			1									1														1		
A673	81	1		41			1									1														1		
A674	82		1	38						1						1														1		
A675	83	1		29						1						1														1		
A676	84		1	37						1						1														1		
A677	85	1		42						1						1														1		
A678	86		1	40						1		1																		1		
A679	87		1	39						1						1														1		
A680	88		1	32						1						1															1	
A681	89		1	40						1						1														1		
A682	90		1	45						1						1														1		
A683	91		1	30			1									1														1		
A684	92		1	37						1						1														1		
A685	93		1	40						1						1														1		
A686	94		1	38						1					1															1		
A687	95		1	47						1						1														1		
A688	96	1		42					1							1														1		
A689	97		1	46						1									1											1		
A690	98		1	39						1						1														1		
A691	99		1	43						1						1																1
A692	1		1	44					1																		1					1
A693	2	1		49					1																				1	1		
A694	3		1	41						1																			1	1		
A695	4		1	51					1																				1	1		
A696	5		1	34					1																				1	1		
A697	6		1	36				1																			1					1
A698	7	1		33						1																	1			1		
A699	8		1	37					1																		1			1		
A700	9		1	36				1																					1	1		
A701	10	1		41					1																		1			1		
A702	11		1	36				1																			1					1
A703	12		1	38				1																					1	1		
A704	13		1	41						1																			1	1		
A705	14		1	28					1																		1			1		
A706	15	1		39				1																			1				1	
A707	16		1	38				1																			1			1		
A708	17		1	31					1																		1				1	
A709	18		1	50					1																1					1		
A710	19		1	39						1																1				1		
A711	20	1		34					1																		1			1		
A712	21		1	28					1																				1			1
A713	22	1		41					1																		1			1		
A714	23		1	37			1																				1			1		
A715	24		1	29				1																			1			1		
A716	25		1	49						1																	1					1
A717	26	1		36						1																	1				1	
A718	27		1	38				1																			1			1		
A719	28		1	30				1																					1	1		
A720	29		1	30						1																	1			1		
A721	30		1	38				1																			1			1		
A722	31		1	48				1																			1					1
A723	32		1	34					1																				1	1		
A724	33		1	52			1																						1	1		
A725	34		1	39					1																		1			1		
A726	35		1	39						1																	1			1		
A727	36		1	30					1																		1			1		
A728	37		1	40			1																				1			1		
A729	38		1	50					1																		1			1		
A730	39	1		40					1																				1	1		
A731	40	1		40					1																				1		1	
A732	41		1	55			1																				1			1		
A733	42		1	36				1																			1				1	
A734	43		1	38				1																			1			1		
A735	44		1	36					1																		1				1	
A736	45		1	41					1																		1			1		
A737	46		1	41						1																1				1		
A738	47		1	53				1																			1			1		
A739	48		1	40			1																				1			1		
A740	49	1		41					1								1														1	
A741	50		1	36					1																				1			1
A742	51		1	43			1																				1			1		
A743	52		1	42			1																				1			1		
A744	53	1		49						1																	1			1		
A745	54		1	30					1																		1			1		
A746	55		1	48						1																	1			1		
A747	56		1	38					1																		1			1		
A748	1		1	43					1													1								1		
A749	2		1	49					1													1								1		
A750	3		1	40																		1								1		
A751	4		1	39						1												1								1		
A752	5		1	50					1													1								1		
A753	6		1	38						1												1										1
A754	7		1	42						1												1								1		
A755	8		1	36					1													1								1		
A756	9		1	43						1												1								1		
A757	10		1	39																		1									1	
A758	11		1	48				1														1										1
A759	12		1	33						1														1						1		
A760	13		1	45						1												1								1		
A761	14		1	43						1												1								1		
A762	15		1	47						1												1								1		
A763	16		1	38						1												1								1		
A764	17		1	43			1															1								1		
A765	18	1		58				1														1								1		
A766	19	1		48						1												1								1		
A767	20		1	41						1												1								1		
A768	21		1	34					1													1								1		
A769	22		1	43			1																	1								1
A770	23	1		44						1												1								1		
A771	24	1		47						1												1								1		
A772	25		1	48			1															1								1		
A773	26	1		31						1														1								1
A774	27	1		46						1												1								1		
A775	28		1	34					1															1						1		
A776	29	1		38						1												1								1		
A777	30		1	41						1												1								1		
A778	31		1	49					1													1								1		
A779	32		1	42						1												1								1		
A780	33		1	34						1												1								1		
A781	34		1	42						1												1								1		
A782	35		1	44					1													1								1		
A783	36	1		43						1												1								1		
A784	37	1		46					1													1										1
A785	38		1	43						1												1								1		
A786	39		1	36		1																1									1	
A787	40		1	40						1												1										1
A788	41		1	43				1														1								1		
A789	42	1		44					1													1								1		
A790	43		1	39					1													1								1		
A791	44		1	45						1												1								1		
A792	45		1	22					1													1								1		
A793	46		1	39					1													1								1		
A794	47	1		39						1												1								1		
A795	48		1	43						1												1								1		
A796	49		1	48						1												1								1		
A797	50		1	44						1												1								1		
A798	51		1	47					1													1									1	
A799	52	1		39						1												1								1		
A800	53	1		43						1												1								1		
A801	54		1	45			1															1								1		
A802	55		1	47						1														1						1		
A803	56		1	37						1												1								1		
A804	57		1	37			1															1								1		
A805	58		1	45					1													1										1
A806	59		1	38						1												1										1
A807	60		1	43					1													1								1		
A808	61		1	44						1												1										1
A809	62		1	39					1													1								1		
A810	63		1	46						1												1								1		
A811	64		1	35						1												1								1		
A812	65	1		43					1													1								1		
A813	66	1		40					1													1								1		
A814	67		1	45				1														1									1	
A815	68		1	39						1												1								1		
A816	69		1	33				1														1								1		
A817	70		1	34				1														1								1		
A818	71	1		35					1													1								1		
A819	72		1	34						1												1									1	
A820	73	1		49					1													1								1		
A821	74	1		47				1														1								1		
A822	75		1	43					1													1								1		
A823	76		1	37					1															1						1		
A824	77		1	47						1												1								1		
A825	78		1	39			1																	1						1		
A826	79	1		44						1												1								1		
A827	80		1	40			1																1									1
A828	81	1		37					1													1								1		
A829	82		1	46				1														1								1		
A830	83		1	33					1															1							1	
A831	84	1		39						1														1						1		
A832	85		1	42						1												1								1		
A833	86	1		44						1												1								1		
A834	87		1	41						1												1								1		
A835	88		1	42						1												1								1		
A836	89	1		40				1																1						1		
A837	90		1	38						1												1										1
A838	91		1	44					1													1								1		
A839	1		1	51						1																			1	1		
A840	2		1	46						1																			1	1		
A841	3		1							1																			1	1		
A842	4		1	44						1																			1	1		
A843	5		1	45					1																				1	1		
A844	6		1	43						1																			1	1		
A845	7		1	34						1						1														1		
A846	8		1	55						1																1				1		
A847	9		1	49						1																			1	1		
A848	10		1	41						1																			1	1		
A849	11		1	37						1																			1	1		
A850	1		1	62						1					1															1		
A851	2	1		44						1					1															1		
A852	3		1	43						1					1															1		
A853	4	1		39						1					1															1		
A854	5		1	42						1					1															1		
A855	6		1	43						1					1															1		
A856	7		1	41						1					1															1		
A857	8		1	42						1					1																1	
A858	9		1	NA				1							1																1	
A859	10		1	38			1								1																	1
A860	11		1	NA						1					1															1		
A861	1		1	26						1																			1	1		
A862	2		1	31						1										1										1		
A863	3	1		30			1									1														1		
A864	4	1		25						1							1													1		
A865	5		1	24						1								1												1		
A866	6		1	55						1							1													1		
A867	7		1	49						1							1													1		
A868	8	1		40						1							1													1		
A869	9		1	35					1								1													1		
A870	10		1	41						1							1													1		
A871	11		1	44						1							1													1		
A872	12		1	46						1						1														1		
A873	13		1	34				1									1													1		
A874	14		1	37						1							1													1		
A875	15	1		51				1									1													1		
A876	16		1	43					1								1													1		
A877	17		1	42						1							1													1		
A878	18		1	42						1						1														1		
A879	19		1	43					1								1													1		
A880	20		1	40						1							1													1		
A881	21		1	42						1							1														1	
A882	22		1	37						1							1													1		
A883	23		1	44						1							1													1		
A884	24		1	43						1							1													1		
A885	25		1	45						1							1													1		
A886	26	1		NA					1							1														1		
A887	27		1	35						1							1													1		