ID	YEAR	1a	1b	1c	1d	1e	1f	1g	2a	2b	2c	2d	3a	3b	3c	3d	3e	3f	3g	3h
1	2020	-1	-1	-1	1	1	1	1	0	0	0	1	1	-1	1	-1	1	1	-1	1
2	2020	-1	-1	-1	1	0	-1	1	-1	1	1	1	-1	-1	1	-1	1	0	-1	0
3	2020	-1	-1	-1	1	1	0	1	-1	-1	-1	1	1	-1	1	-1	1	-1	0	0
4	2020	-1	-1	-1	1	1	1	1	-1	1	1	1	1	-1	1	-1	1	-1	-1	-1
5	2020	1	-1	-1	1	0	1	-1	-1	-1	-1	1	-1	-1	1	-1	1	-1	-1	-1
6	2020	-1	-1	-1	0	1	1	1	-1	-1	-1	1	1	-1	-1	-1	1	-1	-1	0
7	2020	-1	-1	-1	-1	1	-1	1	-1	-1	1	1	1	-1	-1	-1	1	1	-1	1
8	2020	-1	-1	-1	-1	1	1	1	0	-1	-1	1	1	-1	1	-1	0	0	-1	-1
9	2020	-1	0	0	1	1	1	1	-1	1	0	1	1	-1	0	0	1	-1	0	0
10	2020	-1	-1	-1	-1	1	1	1	-1	-1	-1	1	1	-1	-1	-1	1	-1	-1	-1
11	2020	-1	-1	-1	-1	-1	0	1	-1	-1	1	1	-1	-1	1	-1	1	1	-1	1
12	2020	1	-1	-1	1	-1	1	-1	-1	-1	-1	1	-1	-1	1	-1	0	-1	-1	1
13	2020	-1	-1	-1	NA	NA	1	0	-1	1	1	1	0	-1	1	-1	1	-1	-1	0
14	2020	0	0	0	1	0	1	0	-1	0	0	1	1	-1	1	-1	1	-1	0	-1
15	2020	-1	-1	-1	0	1	1	1	-1	-1	-1	1	-1	-1	1	-1	-1	-1	-1	-1
16	2020	1	-1	-1	1	1	1	0	-1	0	0	1	-1	-1	1	0	1	-1	-1	-1
17	2020	1	0	0	1	-1	0	-1	-1	1	1	1	0	-1	0	0	0	0	-1	0
18	2020	-1	-1	-1	1	1	1	1	-1	-1	-1	1	1	-1	1	-1	1	-1	-1	-1
19	2020	-1	-1	-1	1	-1	0	0	-1	0	0	1	1	-1	1	0	1	-1	-1	-1
20	2020	0	-1	-1	-1	1	1	1	-1	-1	-1	1	1	-1	1	-1	1	-1	-1	0
21	2020	-1	-1	-1	-1	-1	0	0	-1	0	0	1	0	-1	0	0	1	0	-1	0
22	2020	0	0	0	-1	-1	-1	-1	1	1	-1	1	-1	-1	-1	-1	-1	-1	1	-1
23	2020	NA	NA	NA	NA	NA	NA	NA	NA	NA	NA	NA	0	0	0	0	0	0	0	0
24	2020	NA	NA	NA	NA	1	NA	1	NA	NA	1	NA	1	0	0	0	0	0	0	1
25	2020	NA	NA	NA	NA	NA	NA	NA	NA	NA	NA	NA	0	0	0	0	0	0	0	0
26	2020	-1	-1	-1	1	1	1	1	1	-1	1	1	1	-1	1	0	1	0	-1	-1
27	2020	-1	0	1	1	1	1	1	-1	1	0	1	1	-1	0	0	1	-1	0	0
28	2020	-1	-1	-1	-1	1	1	1	-1	-1	-1	1	-1	-1	1	-1	1	-1	-1	-1
29	2020	-1	-1	-1	1	-1	1	-1	-1	-1	-1	1	-1	-1	1	-1	0	-1	-1	0
30	2020	-1	NA	NA	NA	1	NA	1	NA	NA	NA	NA	1	0	0	0	0	0	0	0
31	2020	NA	NA	NA	1	NA	1	NA	NA	NA	NA	1	0	0	1	0	0	0	0	0
32	2020	-1	-1	-1	1	1	1	1	-1	-1	-1	1	-1	-1	1	0	1	-1	-1	1
33	2020	-1	-1	-1	-1	NA	NA	NA	-1	-1	-1	-1	1	0	0	0	0	0	0	0
34	2020	-1	-1	-1	1	0	1	-1	-1	-1	-1	1	-1	-1	1	-1	1	-1	-1	-1
35	2020	1	-1	-1	1	1	1	-1	-1	-1	-1	1	-1	-1	1	-1	0	1	-1	1
36	2020	0	-1	-1	1	0	1	0	1	-1	0	1	0	-1	1	0	1	0	-1	1
37	2020	1	-1	-1	1	0	1	0	-1	-1	-1	1	-1	-1	1	-1	1	1	0	1
38	2020	1	-1	-1	1	-1	1	-1	-1	-1	-1	1	-1	-1	1	1	1	-1	0	0
39	2020	1	-1	-1	1	-1	0	-1	-1	-1	-1	1	-1	-1	1	-1	1	-1	-1	1
40	2020	NA	NA	NA	1	NA	NA	NA	-1	-1	0	1	-1	-1	1	-1	1	1	-1	-1
41	2020	1	-1	-1	1	1	1	-1	1	1	1	1	1	-1	1	-1	1	1	-1	1
42	2020	1	-1	-1	1	0	1	1	1	-1	0	1	-1	-1	1	0	1	1	-1	1
43	2020	0	1	1	0	1	1	0	-1	1	-1	1	1	-1	0	0	0	0	0	0
44	2020	-1	-1	-1	-1	1	1	1	-1	-1	-1	1	1	-1	1	-1	1	-1	-1	-1
45	2020	-1	-1	-1	-1	1	1	1	-1	-1	-1	1	1	-1	-1	-1	1	-1	-1	-1
46	2020	NA	NA	NA	NA	1	1	-1	-1	-1	-1	1	-1	-1	1	-1	1	0	-1	-1
47	2020	0	-1	-1	1	1	-1	0	0	-1	-1	1	-1	0	1	-1	1	-1	-1	1
48	2020	-1	-1	-1	0	1	1	0	-1	-1	0	1	1	-1	0	-1	-1	-1	-1	0
49	2020	-1	-1	-1	0	-1	1	1	-1	0	1	1	1	-1	1	-1	1	0	0	0
50	2020	-1	-1	-1	-1	1	1	1	-1	-1	-1	1	1	-1	-1	-1	0	0	-1	1
51	2020	0	-1	-1	1	0	1	0	-1	-1	-1	1	0	-1	1	-1	1	0	0	0
52	2020	-1	-1	-1	-1	1	1	1	-1	-1	-1	1	1	-1	-1	-1	1	-1	-1	-1
53	2020	-1	-1	-1	-1	1	0	1	-1	-1	-1	1	1	-1	0	-1	1	-1	-1	-1
54	2020	0	-1	-1	1	1	1	1	-1	-1	-1	1	1	-1	1	-1	1	0	-1	0
55	2020	-1	-1	-1	-1	1	1	1	NA	NA	NA	NA	1	-1	1	0	0	0	0	0
56	2020	-1	-1	-1	1	1	1	1	-1	-1	1	1	1	-1	-1	-1	1	1	-1	0
57	2020	-1	-1	-1	-1	1	1	1	-1	-1	-1	1	1	-1	1	-1	1	-1	-1	-1
58	2020	-1	-1	-1	-1	1	1	1	-1	-1	0	1	1	-1	-1	-1	1	1	-1	1
59	2020	-1	-1	-1	1	1	1	1	-1	1	1	1	1	-1	-1	-1	1	-1	-1	-1
60	2020	-1	-1	-1	-1	1	1	1	-1	NA	NA	1	1	-1	0	0	1	1	-1	1
61	2020	-1	-1	-1	0	1	1	1	-1	-1	-1	1	0	-1	1	-1	0	-1	0	0
62	2020	0	-1	-1	1	1	1	0	-1	-1	-1	1	-1	-1	0	0	1	0	0	0
63	2020	-1	-1	-1	-1	1	1	1	-1	1	1	1	1	-1	0	-1	1	0	-1	-1
64	2020	-1	-1	-1	1	NA	1	1	-1	0	0	1	1	-1	1	0	0	0	0	0
65	2020	-1	-1	-1	0	1	1	0	-1	-1	-1	1	1	-1	0	-1	1	0	-1	-1
66	2020	0	-1	-1	1	1	1	0	-1	-1	-1	1	-1	-1	1	-1	0	-1	-1	-1
67	2020	1	-1	-1	1	-1	-1	-1	-1	-1	-1	1	-1	-1	1	1	1	-1	-1	-1
68	2020	-1	-1	-1	1	-1	0	1	-1	-1	-1	1	-1	-1	-1	-1	1	0	-1	-1
69	2020	-1	-1	-1	-1	1	1	1	-1	-1	-1	1	1	-1	1	-1	1	-1	-1	-1
70	2020	-1	-1	-1	-1	1	0	0	-1	-1	-1	1	1	-1	-1	-1	1	-1	-1	-1
71	2020	NA	-1	-1	1	1	1	NA	-1	-1	-1	1	1	-1	0	-1	1	0	-1	-1
72	2020	-1	-1	NA	1	0	1	1	-1	1	1	1	1	-1	1	0	1	0	-1	0
73	2020	-1	-1	-1	1	1	1	-1	-1	-1	-1	1	1	-1	-1	-1	1	0	0	0
74	2020	1	1	0	1	-1	0	-1	-1	0	0	1	-1	0	1	0	1	0	-1	1
75	2020	0	-1	-1	-1	1	1	1	-1	-1	-1	1	1	-1	1	-1	1	-1	-1	0
76	2020	-1	-1	-1	1	0	1	1	-1	-1	0	0	1	-1	1	-1	0	-1	-1	-1
77	2020	-1	-1	-1	-1	1	1	1	-1	-1	-1	1	1	-1	-1	1	1	-1	-1	-1
78	2020	-1	-1	-1	-1	1	1	0	-1	1	1	1	1	-1	-1	-1	1	-1	-1	-1
79	2020	1	-1	-1	1	-1	1	1	-1	-1	-1	1	-1	-1	1	-1	0	-1	-1	-1
80	2020	-1	0	0	0	1	1	1	0	0	0	1	1	0	1	0	1	-1	-1	0
81	2020	-1	-1	-1	1	1	1	1	-1	1	1	1	-1	-1	1	0	1	-1	-1	-1
82	2020	-1	-1	-1	1	-1	1	-1	-1	-1	-1	1	-1	-1	1	-1	1	-1	-1	1
83	2020	NA	NA	NA	NA	NA	NA	NA	-1	-1	-1	1	1	-1	1	-1	1	1	-1	1
84	2020	1	-1	-1	1	1	-1	0	-1	-1	1	1	1	-1	1	0	0	-1	-1	1
85	2020	-1	-1	-1	0	-1	1	1	-1	-1	-1	1	-1	-1	1	0	1	0	-1	-1
86	2020	1	-1	-1	1	1	0	-1	-1	-1	0	1	1	-1	1	-1	0	0	0	0
87	2020	1	-1	-1	1	1	1	-1	-1	1	0	1	-1	-1	1	1	1	-1	-1	0
88	2020	1	-1	-1	1	NA	NA	NA	-1	-1	1	1	1	0	1	-1	0	0	0	0
89	2020	-1	-1	-1	-1	1	1	1	NA	NA	NA	1	1	0	0	0	0	0	0	0
90	2020	NA	NA	NA	1	NA	NA	NA	-1	NA	NA	1	0	0	1	0	1	0	0	0
91	2020	1	-1	-1	1	-1	-1	-1	-1	-1	-1	1	-1	-1	1	0	1	0	-1	1
92	2020	-1	-1	-1	0	1	1	1	-1	1	1	1	-1	-1	1	-1	0	-1	-1	-1
93	2020	-1	-1	-1	-1	1	1	-1	-1	-1	-1	1	1	-1	-1	-1	1	-1	-1	-1
94	2020	-1	-1	-1	-1	1	-1	1	-1	1	0	1	-1	-1	1	-1	1	-1	-1	1
95	2020	1	-1	-1	1	1	1	0	-1	-1	0	1	1	-1	0	-1	1	-1	-1	-1
96	2020	-1	-1	-1	0	1	1	1	-1	-1	-1	1	1	-1	1	-1	1	0	-1	-1
97	2020	-1	-1	-1	-1	-1	1	1	-1	-1	-1	1	1	-1	-1	-1	0	-1	-1	-1
98	2020	-1	-1	-1	-1	1	1	1	NA	NA	NA	1	0	0	1	0	0	0	0	0
99	2020	-1	-1	-1	1	1	1	0	-1	1	1	-1	0	-1	1	-1	1	0	-1	-1
100	2020	1	-1	-1	1	1	1	-1	0	1	1	0	1	-1	-1	-1	0	-1	-1	-1
101	2020	-1	-1	-1	-1	1	1	1	-1	-1	-1	1	1	-1	-1	-1	1	-1	-1	-1
102	2020	-1	-1	-1	-1	1	1	1	NA	NA	NA	1	1	0	0	0	0	0	0	0
103	2020	NA	NA	NA	NA	NA	NA	NA	-1	-1	-1	1	1	-1	-1	-1	1	1	-1	1
104	2020	-1	-1	-1	-1	1	1	1	-1	-1	-1	1	-1	-1	1	0	1	-1	-1	1
105	2020	1	-1	-1	1	1	1	-1	-1	-1	1	1	1	-1	-1	-1	1	-1	-1	-1
106	2020	-1	-1	1	-1	1	-1	-1	-1	-1	-1	1	-1	-1	-1	-1	1	-1	-1	1
107	2020	-1	-1	-1	-1	1	1	1	-1	0	1	1	1	-1	1	-1	1	0	-1	1
108	2020	-1	-1	-1	1	0	-1	-1	-1	1	1	1	0	-1	1	0	1	1	-1	-1
109	2020	-1	-1	-1	-1	1	1	1	-1	-1	-1	1	-1	-1	1	0	1	1	-1	1
110	2020	1	0	0	1	-1	1	-1	-1	NA	-1	1	0	0	0	0	0	0	0	0
111	2020	1	0	0	1	1	1	1	NA	NA	NA	NA	0	-1	-1	-1	1	-1	-1	-1
112	2020	-1	-1	-1	-1	1	1	1	-1	-1	1	0	1	-1	0	1	1	-1	-1	1
113	2020	-1	-1	-1	0	-1	1	0	-1	-1	-1	1	-1	0	1	0	0	-1	-1	-1
114	2020	1	1	0	1	-1	0	-1	-1	-1	-1	1	1	-1	1	-1	1	0	-1	-1
115	2020	-1	-1	-1	-1	1	1	1	-1	-1	-1	1	1	-1	0	-1	0	-1	-1	-1
116	2020	-1	-1	-1	1	1	1	-1	-1	1	1	-1	-1	1	-1	-1	1	-1	-1	0
117	2020	-1	-1	0	1	0	0	1	-1	-1	-1	1	0	-1	1	-1	1	-1	-1	-1
118	2020	-1	-1	-1	1	-1	1	1	-1	-1	-1	1	1	-1	0	-1	1	-1	-1	-1
119	2020	1	-1	-1	0	-1	-1	1	-1	-1	-1	1	-1	-1	1	-1	1	0	1	0
120	2020	-1	-1	-1	1	-1	0	1	-1	-1	-1	1	-1	-1	1	-1	-1	-1	-1	-1
121	2020	1	-1	-1	1	-1	0	-1	-1	-1	-1	1	1	-1	0	0	-1	-1	-1	-1
122	2020	-1	-1	-1	-1	1	1	1	-1	-1	-1	1	1	-1	-1	-1	1	-1	-1	-1
123	2020	-1	-1	-1	-1	1	1	0	-1	-1	-1	1	1	-1	1	-1	-1	-1	-1	-1
124	2020	-1	-1	-1	-1	1	1	0	-1	-1	-1	1	0	1	0	-1	1	0	1	-1
125	2020	1	-1	-1	1	-1	0	1	1	-1	-1	1	1	-1	1	-1	1	1	-1	1
126	2020	-1	-1	-1	1	0	1	1	0	-1	1	1	1	1	1	1	1	1	1	1
127	2020	-1	-1	1	1	-1	1	1	-1	-1	0	1	1	-1	1	-1	1	0	-1	-1
128	2020	1	-1	-1	1	0	0	0	-1	-1	0	1	1	-1	1	-1	1	0	-1	-1
129	2020	-1	-1	-1	1	0	NA	-1	-1	-1	-1	1	1	-1	0	0	0	-1	-1	1
130	2020	0	0	0	0	0	0	0	0	-1	-1	1	-1	-1	1	-1	1	-1	-1	0
131	2020	-1	-1	-1	1	0	1	-1	-1	-1	0	1	1	-1	0	0	1	1	-1	-1
132	2020	1	-1	-1	1	0	0	-1	-1	-1	-1	1	1	-1	1	-1	1	0	-1	1
133	2020	1	-1	-1	1	0	0	0	1	-1	1	1	1	-1	-1	-1	1	0	-1	1
134	2020	1	-1	-1	1	1	0	-1	0	0	0	0	0	-1	0	0	0	0	0	0
135	2020	-1	-1	-1	1	-1	0	-1	0	0	0	0	1	-1	1	1	1	-1	-1	-1
136	2020	-1	-1	-1	1	1	-1	0	-1	-1	-1	1	-1	-1	-1	-1	1	-1	-1	1
137	2020	-1	-1	-1	1	1	1	1	1	0	0	1	-1	-1	1	1	1	0	1	1
138	2020	1	0	1	1	-1	0	-1	-1	0	0	1	-1	0	1	0	1	-1	-1	1
139	2020	1	0	0	1	-1	-1	-1	-1	NA	NA	1	1	0	1	0	1	0	0	0
140	2020	-1	NA	NA	NA	NA	NA	NA	-1	-1	-1	1	-1	-1	1	-1	1	1	-1	1
141	2020	1	-1	-1	1	0	1	-1	-1	-1	-1	1	-1	-1	1	0	1	-1	-1	1
142	2020	1	-1	-1	1	0	0	1	-1	1	0	1	-1	-1	1	1	1	-1	-1	0
143	2020	1	-1	-1	1	NA	NA	NA	-1	-1	0	1	1	-1	0	-1	0	-1	-1	-1
144	2020	0	-1	-1	-1	0	1	1	-1	1	1	1	1	-1	-1	-1	1	-1	-1	-1
145	2020	-1	-1	-1	-1	1	1	1	-1	1	1	1	1	-1	1	-1	0	-1	-1	-1
146	2020	-1	-1	-1	-1	1	1	1	-1	-1	-1	1	1	-1	1	-1	1	-1	-1	1
147	2020	1	-1	-1	1	1	1	-1	-1	-1	-1	1	1	-1	1	-1	1	-1	-1	1
148	2020	1	-1	-1	1	1	1	1	-1	0	1	1	1	0	0	0	0	0	0	0
149	2020	0	-1	-1	0	1	1	NA	-1	-1	0	1	1	-1	1	-1	1	1	-1	1
150	2020	NA	-1	1	1	1	1	-1	-1	-1	0	1	-1	-1	0	0	0	-1	-1	-1
151	2020	-1	-1	0	0	1	1	1	-1	-1	-1	1	1	-1	1	0	1	1	-1	1
152	2020	1	1	1	1	-1	1	-1	-1	-1	1	1	1	-1	1	-1	0	1	0	0
153	2020	1	-1	-1	1	1	1	-1	1	-1	-1	-1	-1	-1	-1	-1	1	1	-1	-1
154	2020	-1	-1	-1	-1	-1	-1	1	-1	-1	-1	1	1	-1	-1	-1	1	-1	-1	0
155	2020	-1	-1	-1	0	1	1	1	NA	NA	NA	1	0	0	1	0	0	0	1	0
156	2020	1	NA	NA	1	NA	NA	NA	-1	-1	-1	1	-1	-1	1	-1	1	-1	-1	1
157	2020	1	-1	-1	1	-1	1	-1	NA	NA	NA	1	0	0	1	0	1	0	0	1
158	2020	NA	NA	NA	1	NA	NA	NA	-1	0	1	1	1	-1	0	-1	0	0	-1	1
159	2020	1	-1	-1	1	0	-1	-1	-1	-1	-1	1	0	-1	1	-1	1	-1	-1	-1
160	2020	-1	-1	-1	1	1	1	1	-1	-1	-1	1	-1	-1	1	-1	0	-1	-1	-1
161	2020	1	-1	-1	1	-1	-1	-1	-1	-1	1	0	1	-1	0	-1	1	-1	-1	1
162	2020	-1	-1	-1	-1	1	1	1	-1	1	1	1	1	-1	1	-1	1	-1	-1	1
163	2020	1	-1	-1	1	0	1	0	-1	1	1	1	-1	-1	1	-1	1	-1	1	-1
164	2020	1	-1	-1	1	NA	1	-1	-1	1	-1	1	-1	-1	1	-1	1	-1	-1	1
165	2020	-1	-1	-1	1	1	1	-1	-1	-1	-1	-1	1	-1	0	-1	0	-1	0	-1
166	2020	1	0	0	-1	-1	0	-1	NA	NA	NA	-1	0	0	-1	0	0	0	0	0
167	2020	-1	NA	NA	NA	NA	NA	NA	-1	-1	-1	1	1	-1	1	-1	1	0	-1	1
168	2020	-1	-1	-1	-1	1	1	1	-1	-1	-1	1	-1	-1	1	-1	1	-1	-1	-1
169	2020	1	-1	-1	-1	1	1	-1	-1	1	1	1	-1	-1	1	-1	1	-1	1	-1
170	2020	1	-1	-1	1	NA	1	-1	-1	1	1	1	-1	-1	1	1	1	0	-1	-1
171	2020	-1	-1	-1	1	0	1	-1	NA	NA	NA	1	0	0	0	0	0	0	0	0
172	2020	1	NA	NA	NA	NA	NA	NA	-1	-1	-1	1	1	-1	0	-1	0	0	-1	0
173	2020	-1	-1	-1	0	1	0	1	-1	-1	-1	1	0	0	0	0	0	0	0	0
174	2020	0	0	0	0	0	0	0	-1	0	0	1	1	-1	1	-1	1	-1	-1	-1
175	2020	-1	-1	-1	-1	1	1	1	-1	-1	0	1	0	-1	0	-1	1	0	-1	1
176	2020	-1	-1	-1	0	1	0	1	-1	-1	-1	1	1	-1	-1	-1	1	0	0	0
177	2020	-1	-1	-1	0	1	1	1	-1	-1	-1	1	-1	-1	1	-1	1	-1	-1	-1
178	2020	-1	-1	-1	1	1	1	-1	-1	-1	-1	1	1	-1	-1	-1	1	1	-1	-1
179	2020	-1	-1	-1	-1	1	1	1	NA	NA	NA	1	1	0	0	0	0	0	0	0
180	2020	NA	NA	NA	NA	NA	1	NA	-1	-1	-1	1	-1	-1	1	-1	1	-1	-1	-1
181	2020	-1	-1	-1	1	1	1	0	-1	-1	-1	1	1	-1	1	-1	1	1	-1	1
182	2020	-1	-1	-1	1	1	1	1	-1	1	1	1	-1	-1	1	1	1	-1	1	-1
183	2020	1	1	1	-1	-1	-1	-1	-1	1	1	1	0	1	0	1	1	-1	1	0
184	2020	0	-1	-1	1	1	1	-1	-1	1	1	1	-1	-1	1	1	1	-1	1	0
185	2020	1	0	0	1	1	1	0	0	-1	NA	NA	1	0	0	1	1	0	0	0
186	2020	1	0	0	1	1	1	1	-1	1	1	1	-1	-1	1	1	1	-1	1	-1
187	2020	1	-1	-1	1	0	1	-1	-1	-1	1	1	-1	-1	1	1	1	-1	0	0
188	2020	1	1	1	1	1	-1	1	-1	-1	0	1	-1	-1	1	1	0	-1	0	0
189	2020	-1	-1	-1	-1	1	1	1	-1	0	1	1	1	-1	1	-1	1	-1	-1	-1
190	2020	-1	-1	-1	1	1	1	0	-1	-1	-1	1	-1	-1	1	-1	1	-1	-1	-1
191	2020	1	-1	-1	1	1	1	-1	NA	NA	NA	1	0	1	0	0	0	0	0	0
192	2020	NA	NA	NA	1	NA	NA	NA	-1	-1	-1	1	0	-1	0	-1	1	1	-1	0
193	2020	-1	-1	-1	-1	1	1	1	-1	-1	-1	1	1	-1	1	-1	1	-1	-1	0
194	2020	-1	-1	-1	1	1	-1	1	NA	-1	NA	1	0	0	1	0	0	1	-1	1
195	2020	0	-1	1	1	NA	NA	NA	NA	NA	NA	-1	0	-1	1	-1	0	0	0	0
196	2020	-1	1	NA	1	-1	-1	-1	0	0	0	1	-1	0	0	0	1	0	-1	1
197	2020	1	-1	-1	1	-1	1	1	-1	-1	1	1	1	-1	1	-1	1	-1	-1	-1
198	2020	-1	1	1	1	1	-1	-1	NA	NA	NA	NA	0	0	0	0	0	0	0	0
199	2020	NA	NA	NA	NA	NA	NA	NA	-1	NA	-1	1	-1	1	-1	1	1	0	-1	0
200	2020	0	NA	-1	1	1	1	-1	-1	NA	NA	1	0	0	1	1	0	0	0	0
201	2020	1	NA	NA	1	NA	1	NA	-1	-1	-1	1	-1	-1	1	-1	1	0	-1	0
202	2020	1	-1	-1	1	1	1	-1	-1	-1	-1	1	1	-1	1	-1	1	-1	-1	0
203	2020	-1	-1	-1	-1	1	1	1	-1	-1	1	1	1	-1	-1	-1	1	-1	-1	-1
204	2020	-1	-1	-1	-1	1	1	1	NA	NA	NA	1	0	0	1	0	0	0	0	1
205	2020	NA	NA	NA	NA	1	NA	NA	-1	1	-1	1	1	-1	0	-1	1	-1	1	0
206	2020	-1	-1	-1	1	1	1	-1	-1	1	1	1	1	-1	1	0	1	0	-1	-1
207	2020	1	0	0	1	1	1	-1	NA	NA	NA	1	1	0	0	0	0	0	0	0
208	2020	0	0	0	0	0	0	0	0	0	1	1	1	-1	0	-1	1	0	-1	-1
209	2020	-1	-1	-1	-1	1	1	1	-1	-1	0	1	0	-1	0	0	0	0	0	0
210	2020	0	0	0	0	1	1	0	-1	-1	-1	1	1	-1	1	-1	1	-1	-1	-1
211	2020	1	-1	-1	1	1	1	0	1	-1	1	1	0	0	0	-1	0	0	0	0
212	2020	-1	-1	-1	1	1	1	1	-1	0	0	1	1	-1	0	1	1	0	1	0
213	2020	0	1	0	1	0	0	0	-1	-1	-1	1	1	-1	1	0	1	-1	-1	-1
214	2020	-1	-1	-1	1	1	1	1	-1	-1	-1	1	-1	-1	1	-1	-1	-1	-1	-1
215	2020	-1	-1	-1	-1	0	0	1	-1	-1	-1	1	-1	-1	1	1	0	-1	-1	1
216	2020	-1	-1	-1	1	1	1	1	NA	NA	NA	1	0	0	1	0	0	0	0	0
217	2020	-1	-1	-1	1	1	1	1	NA	NA	NA	1	1	-1	1	-1	0	-1	-1	0
218	2020	-1	-1	-1	0	1	1	1	NA	NA	NA	1	1	0	0	0	0	0	0	0
219	2020	NA	NA	NA	NA	NA	1	NA	-1	-1	-1	1	-1	-1	1	-1	1	0	-1	0
220	2020	-1	-1	-1	-1	0	1	1	-1	-1	-1	1	1	-1	1	-1	1	0	-1	0
221	2020	1	-1	-1	1	1	0	-1	-1	-1	-1	1	-1	-1	1	-1	1	-1	-1	-1
222	2020	-1	-1	-1	1	-1	1	0	-1	-1	-1	1	-1	-1	1	-1	0	0	-1	1
223	2020	0	-1	-1	1	-1	1	0	NA	NA	NA	1	1	0	0	0	0	0	0	0
224	2020	NA	NA	NA	1	NA	NA	NA	-1	1	1	1	-1	-1	1	-1	1	-1	-1	1
225	2020	1	0	0	1	1	1	-1	-1	0	0	1	1	-1	1	-1	1	0	-1	1
226	2020	-1	-1	-1	1	1	1	1	-1	-1	-1	1	-1	-1	1	-1	0	-1	-1	0
227	2020	1	-1	-1	1	-1	1	-1	-1	-1	-1	-1	1	-1	1	0	1	-1	-1	0
228	2020	-1	-1	-1	1	1	1	1	-1	-1	-1	1	1	-1	0	-1	1	-1	-1	-1
229	2020	-1	-1	-1	0	1	1	1	-1	0	0	1	1	-1	-1	-1	1	-1	-1	-1
230	2020	-1	-1	-1	-1	1	0	1	-1	-1	1	1	-1	-1	1	-1	1	-1	0	-1
231	2020	1	-1	-1	1	1	-1	-1	-1	1	-1	1	-1	-1	1	0	1	-1	-1	1
232	2020	1	-1	-1	1	0	-1	0	-1	-1	-1	1	1	-1	1	-1	0	-1	-1	0
233	2020	-1	-1	-1	1	1	1	1	-1	-1	-1	1	1	-1	1	-1	1	0	0	0
234	2020	-1	-1	-1	1	1	1	1	-1	-1	-1	1	-1	-1	1	-1	1	-1	-1	-1
235	2020	-1	-1	-1	0	1	1	0	-1	-1	-1	1	-1	-1	1	0	1	-1	-1	1
236	2020	-1	-1	-1	1	0	1	0	-1	1	1	1	0	-1	1	0	1	-1	0	1
237	2020	1	-1	NA	1	-1	1	1	-1	-1	-1	1	-1	-1	1	0	1	-1	-1	1
238	2020	-1	-1	-1	1	0	-1	1	-1	-1	-1	1	1	-1	0	0	1	-1	0	1
239	2020	-1	-1	-1	1	1	1	1	-1	-1	-1	1	1	-1	1	1	1	-1	-1	-1
240	2020	-1	-1	-1	1	1	1	1	NA	NA	NA	1	1	0	0	0	0	0	0	0
241	2020	NA	NA	NA	NA	1	NA	1	-1	-1	-1	-1	1	-1	-1	-1	1	-1	-1	-1
242	2020	-1	-1	-1	-1	1	1	1	-1	0	-1	1	1	-1	-1	-1	1	1	-1	0
243	2020	-1	-1	-1	0	1	0	1	-1	-1	-1	1	-1	-1	1	-1	1	1	-1	1
244	2020	1	-1	-1	1	1	1	-1	-1	1	1	1	0	1	1	1	1	-1	1	-1
245	2020	1	0	1	1	1	1	-1	-1	0	0	1	1	-1	-1	-1	0	0	-1	0
246	2020	1	-1	-1	1	0	1	0	-1	-1	-1	1	0	-1	0	-1	1	0	-1	-1
247	2020	-1	-1	-1	1	0	1	1	-1	-1	-1	1	1	-1	0	-1	1	-1	1	0
248	2020	-1	0	0	1	1	0	-1	-1	-1	-1	1	1	0	1	-1	-1	0	-1	1
249	2020	-1	-1	-1	1	1	1	1	-1	-1	-1	1	0	-1	1	-1	1	-1	-1	-1
250	2020	1	-1	-1	1	0	1	-1	-1	1	1	1	-1	-1	1	1	1	-1	-1	-1
251	2020	-1	-1	-1	1	0	1	0	1	0	0	0	0	-1	1	-1	1	1	-1	1
252	2020	-1	-1	-1	1	0	0	0	-1	1	0	1	1	-1	1	0	0	-1	-1	-1
253	2020	1	0	-1	1	0	1	1	-1	-1	-1	1	-1	-1	1	0	1	-1	-1	-1
254	2020	-1	-1	-1	1	1	1	-1	1	0	-1	1	1	-1	1	-1	1	-1	-1	0
255	2020	-1	-1	-1	1	0	1	1	NA	NA	NA	1	0	0	1	0	0	0	0	0
256	2020	NA	NA	NA	1	NA	NA	NA	-1	-1	-1	1	-1	-1	1	0	1	0	0	1
257	2020	1	NA	NA	1	NA	NA	NA	NA	NA	1	NA	1	0	0	0	0	0	0	0
258	2020	0	-1	-1	1	1	1	1	-1	-1	-1	1	1	-1	1	-1	1	-1	-1	-1
259	2020	-1	-1	-1	1	1	1	1	NA	NA	NA	1	1	-1	-1	-1	0	0	-1	0
260	2020	-1	-1	-1	-1	1	0	1	-1	-1	0	1	1	-1	-1	-1	-1	0	0	0
261	2020	1	-1	-1	1	1	1	-1	NA	NA	NA	1	0	0	1	0	0	0	0	0
262	2020	1	NA	NA	1	NA	NA	-1	-1	-1	-1	1	1	-1	0	0	1	0	-1	0
263	2020	-1	-1	-1	0	1	0	1	-1	0	0	1	-1	0	1	-1	0	-1	-1	0
264	2020	-1	0	-1	-1	-1	-1	-1	1	-1	-1	1	1	-1	-1	-1	1	-1	-1	0
265	2020	-1	-1	-1	-1	1	1	1	-1	1	1	1	0	-1	1	-1	1	-1	0	1
266	2020	1	-1	-1	1	-1	1	1	-1	-1	-1	1	1	-1	1	-1	1	0	-1	-1
267	2020	-1	-1	-1	1	1	1	0	-1	1	-1	1	-1	-1	1	0	0	-1	-1	0
268	2020	-1	-1	-1	1	1	0	1	-1	-1	-1	1	-1	-1	1	-1	1	-1	-1	1
269	2020	1	-1	-1	1	-1	1	0	-1	-1	-1	1	1	-1	0	-1	1	1	-1	0
270	2020	1	-1	-1	1	1	1	-1	-1	1	0	1	-1	0	1	0	0	-1	-1	0
271	2020	1	0	0	1	0	0	-1	-1	-1	-1	1	-1	-1	1	0	0	0	-1	0
272	2020	-1	-1	-1	1	-1	1	-1	-1	-1	0	1	-1	-1	1	0	1	0	-1	-1
273	2020	1	-1	-1	1	0	0	1	-1	-1	-1	1	-1	-1	-1	-1	1	-1	-1	1
274	2020	1	-1	-1	1	1	-1	-1	-1	1	-1	1	0	-1	1	0	1	-1	-1	1
275	2020	1	-1	-1	1	-1	1	-1	1	-1	-1	1	-1	-1	1	-1	1	0	-1	1
276	2020	-1	-1	-1	1	1	1	1	-1	0	0	1	-1	-1	1	-1	0	0	0	0
277	2020	0	-1	1	0	0	-1	-1	-1	-1	-1	1	1	-1	1	-1	1	1	-1	1
278	2020	0	NA	-1	1	1	1	0	1	-1	-1	1	1	-1	1	1	-1	-1	-1	1
279	2020	-1	-1	-1	-1	1	1	1	-1	-1	-1	1	-1	-1	1	-1	1	-1	1	-1
280	2020	1	-1	-1	1	-1	-1	-1	-1	0	1	1	1	-1	1	-1	1	0	-1	1
281	2020	1	-1	-1	1	0	1	-1	-1	0	0	0	0	0	0	0	0	0	0	0
282	2020	1	0	0	1	0	1	0	-1	-1	-1	1	1	-1	1	-1	0	0	-1	1
283	2020	-1	-1	-1	1	1	1	-1	-1	-1	-1	1	-1	1	1	-1	1	-1	-1	1
284	2020	1	-1	-1	1	1	1	0	NA	NA	NA	NA	0	0	0	0	0	0	0	0
285	2020	NA	NA	NA	NA	NA	NA	NA	-1	0	1		1	-1	1	-1	1	0	0	1
286	2020	0	-1	-1	0	1	1	1	-1	-1	-1	1	-1	-1	1	-1	1	-1	-1	1
287	2020	-1	-1	-1	1	1	1	-1	-1	0	0	1	1	-1	0	0	1	1	-1	1
288	2020	1	-1	-1	1	1	1	1	NA	NA	NA	NA	0	0	0	0	0	0	0	0
289	2020	NA	NA	NA	1	NA	NA	NA	-1	1	1	1	1	-1	1	-1	1	1	1	1
290	2020	-1	-1	-1	1	1	1	1	-1	-1	-1	1	-1	-1	-1	-1	1	0	0	0
291	2020	-1	-1	-1	-1	1	0	-1	-1	-1	-1	1	1	-1	-1	-1	1	-1	-1	-1
292	2020	-1	-1	-1	0	-1	1	-1	NA	NA	NA	NA	0	0	0	0	0	0	0	0
293	2020	NA	NA	NA	NA	NA	NA	NA	NA	NA	NA	1	0	0	0	0	0	0	0	0
294	2020	NA	NA	NA	1	1	1	NA	-1	-1	-1	1	-1	-1	1	-1	1	1	-1	0
295	2020	-1	-1	-1	1	1	1	0	NA	NA	NA	NA	0	0	0	0	0	0	0	0
296	2020	NA	NA	NA	NA	NA	NA	NA	-1	-1	-1	1	1	-1	1	-1	1	-1	-1	-1
297	2020	-1	-1	-1	1	0	1	1	-1	-1	-1	1	1	-1	1	-1	1	-1	-1	1
298	2020	-1	-1	-1	1	1	1	0				1	-1	-1	1	-1	1	1	-1	-1
299	2020	-1	-1	-1	1	1	1	-1	-1	0	0	1	1	-1	1	-1	0	-1	-1	-1
300	2020	-1	-1	-1	1	1	1	-1	-1	-1	1	1	1	0	1	0	1	0	0	0
301	2020	1	-1	0	-1	0	-1	-1	-1	1	1	1	1	-1	1	0	1	0	0	1
302	2020	0	-1	-1	1	1	0	1	-1	-1	-1	1	1	-1	0	-1	-1	1	-1	0
303	2020	-1	-1	-1	0	1	0	1	-1	-1	-1	1	1	-1	1	-1	-1	-1	-1	0
304	2020	0	-1	-1	1	-1	1	1	NA	NA	NA	NA	0	0	0	0	0	0	0	0
305	2020	NA	NA	NA	NA	NA	NA	NA	-1	0	1	1	-1	1	-1	-1	1	1	-1	1
306	2020	-1	-1	-1	1	1	1	0	NA	NA	NA	1	0	0	1	0	0	0	0	0
307	2020	NA	NA	NA	1	NA	NA	NA	-1	-1	-1	1	1	-1	-1	-1	1	-1	-1	-1
308	2020	1	0	0	1	-1	1	-1	-1	-1	1	1	1	-1	1	0	1	-1	-1	-1
309	2020	-1	-1	-1	1	1	1	1	-1	-1	-1	1	1	-1	1	-1	1	-1	-1	-1
310	2020	1	-1	-1	1	1	1	-1	-1	-1	-1	1	-1	-1	1	-1	1	-1	-1	-1
311	2020	-1	-1	-1	1	1	1	1	-1		1		1	-1	0	1	1	-1	-1	-1
312	2020	0	0	0	0	0	0	0	-1	-1	0	1	1	-1	1	-1	0	-1	-1	-1
313	2020	-1	-1	-1	1	0	1	1	-1	1	1	1	-1	-1	1	-1	1	-1	-1	1
314	2020	1	-1	-1	1	-1	1	-1	-1	-1	-1	1	1	-1	0	-1	1	-1	-1	0
315	2020	0	-1	-1	-1	1	-1	1	NA	NA	NA	1	0	0	1	0	0	0	1	0
316	2020	NA	NA	NA	1	NA	NA	NA	-1	-1	-1	1	-1	-1	1	0	1	-1	-1	1
317	2020	0	0	-1	1	1	0	0	NA	NA	NA	1	0	0	1	0	0	0	0	1
318	2020	0	-1	-1	1	NA	1	1	1	-1	1	1	1	-1	1	-1	1	1	-1	1
319	2020	0	-1	-1	1	1	1	1	-1	-1	-1	1	1	-1	0	-1	1	0	-1	-1
320	2020	-1	-1	-1	1	1	1	-1	1	-1	-1	1	-1	-1	1	-1	1	0	0	1
321	2020	0	-1	-1	1	0	1	0	-1	-1	0	1	-1	-1	1	-1	1	-1	0	0
322	2020	1	-1	-1	1	1	-1	-1	-1	-1	-1	1	-1	-1	0	-1	1	0	-1	1
323	2020	0	-1	-1	1	-1	0	0	-1	-1	-1	1	1	-1	1	0	1	0	-1	-1
324	2020	1	-1	-1	1	0	1	0	-1	-1	-1	1	-1	-1	1	-1	1	1	-1	-1
325	2020	1	-1	-1	1	1	1	1	-1	-1	1	1	1	-1	1	-1	1	1	-1	1
326	2020	1	0	-1	1	1	-1	1	-1	-1	-1	1	1	-1	-1	-1	1	-1	-1	1
327	2020	-1	-1	-1	-1	1	1	1	-1	-1	-1	1	1	-1	0	1	1	-1	-1	-1
328	2020	-1	-1	-1	-1	1	-1	1	-1	-1	1	1	1	-1	1	-1	1	-1	-1	1
329	2020	1	-1	-1	1	1	1	-1	-1	0	1	1	1	-1	-1	-1	1	-1	-1	0
330	2020	-1	-1	-1	-1	1	1	1	-1	-1	-1	1	1	-1	1	0	1	-1	-1	0
331	2020	1	-1	-1	1	0	1	0	1	-1	-1	1	-1	-1	1	-1	1	-1	1	-1
332	2020	1	-1	-1	1	-1	1	-1	-1	NA	-1	NA	0	-1	0	0	1	1	-1	0
333	2020	-1	-1	1	NA	1	0	-1	-1	-1	0	1	1	-1	-1	-1	1	0	-1	1
334	2020	-1	-1	-1	-1	1	0	1	-1	1	1	1	-1	1	-1	1	-1	-1	-1	1
335	2020	-1	-1	-1	1	1	1	1	-1	1	1	1	1	-1	1	-1	1	0	-1	0
336	2020	0	-1	-1	1	1	1	0	-1	1	1	1	1	-1	-1	0	0	-1	-1	-1
337	2020	-1	-1	-1	-1	1	1	1	NA	NA	NA	1	0	0	1	0	0	0	0	0
338	2020	-1	-1	NA	NA	NA	NA	NA	NA	NA	NA	NA	0	0	0	0	0	0	0	0
339	2020	NA	NA	-1	1	0	1	1	-1	1	0	1	1	-1	0	-1	0	-1	-1	-1
340	2020	-1	-1	-1	-1	1	1	1	-1	1	1	1	-1	-1	1	-1	1	-1	-1	1
341	2020	1	-1	-1	1	-1	1	-1	-1	-1	-1	1	-1	-1	1	-1	1	-1	-1	-1
342	2020	1	-1	-1	1	1	1	1	-1	1	1	1	-1	0	0	0	0	0	0	0
343	2020	1	-1	-1	1	-1	-1	-1	-1	-1	-1	1	1	-1	1	-1	1	-1	-1	1
344	2020	-1	-1	-1	1	1	1	-1	-1	-1	-1	1	1	-1	-1	-1	0	-1	-1	-1
345	2020	-1	-1	-1	1	1	1	0	-1	-1	-1	1	-1	-1	1	-1	0	-1	-1	-1
346	2020	-1	-1	-1	1	-1	1	-1	NA	NA	NA	1	1	0	0	0	0	1	0	0
347	2020	1	NA	NA	NA	NA	NA	NA	-1	-1	-1	1	-1	-1	1	0	1	0	-1	-1
348	2020	-1	-1	-1	1	-1	1	-1	-1	-1	0	1	-1	-1	1	-1	1	0	-1	-1
349	2020	1	0	0	1	-1	-1	-1	-1	-1	-1	1	-1	-1	1	0	1	-1	-1	-1
350	2020	-1	-1	-1	1	1	1	1	-1	-1	-1	1	1	-1	-1	0	1	-1	-1	-1
351	2020	-1	-1	-1	-1	1	1	1	-1	-1	-1	1	1	-1	-1	-1	1	-1	-1	-1
352	2020	-1	-1	-1	-1	1	1	1	-1	-1	0	-1	-1	-1	-1	-1	-1	-1	0	-1
353	2020	1	-1	1	1	0	0	0	-1	-1	-1	1	-1	-1	1	-1	1	-1	-1	-1
354	2020	1	-1	-1	1	-1	1	-1	0	1	1	1	1	-1	1	-1	1	-1	-1	1
355	2020	0	-1	-1	1	-1	-1	-1	-1	-1	-1	1	1	-1	-1	-1	1	-1	-1	0
356	2020	-1	-1	-1	0	1	1	1	-1	-1	-1	1	1	-1	1	0	1	1	-1	1
357	2020	-1	-1	-1	1	1	1	1	-1	-1	-1	1	-1	-1	0	-1	0	0	0	0
358	2020	1	-1	-1	0	0	1	1	NA	NA	1	NA	0	0	1	0	0	0	0	0
359	2020	-1	-1	-1	-1	1	0	1	-1	-1	-1	1	1	-1	-1	-1	1	-1	-1	-1
360	2020	-1	-1	-1	-1	1	1	1	-1	-1	-1	1	0	-1	1	0	1	-1	0	1
361	2020	1	-1	-1	1	0	0	-1	-1	-1	-1	1	1	-1	0	0	0	0	0	-1
362	2020	1	-1	-1	1	0	1	0	-1	-1	-1	1	1	-1	-1	1	-1	-1	-1	1
363	2020	1	-1	-1	1	0	1	-1	-1	-1	1	1	1	-1	1	-1	1	1	-1	1
364	2020	0	-1	-1	1	0	1	0	-1	NA	NA	1	1	-1	1	-1	1	-1	-1	1
365	2020	1	-1	-1	1	1	1	-1	NA	NA	NA	NA	0	0	0	1	0	0	0	0
366	2020	NA	NA	NA	NA	1	1	1	-1	-1	-1	1	1	-1	1	-1	1	-1	-1	-1
367	2020	-1	-1	-1	1	-1	-1	0	-1	-1	-1	1	-1	-1	1	-1	1	-1	-1	1
368	2020	1	-1	-1	1	-1	1	-1	-1	-1	-1	1	0	-1	1	-1	1	1	-1	1
369	2020	-1	-1	-1	1	1	1	-1	-1	1	1	1	0	-1	1	-1	1	-1	-1	-1
370	2020	-1	-1	-1	1	0	-1	-1	-1	-1	1	1	1	-1	0	0	1	0	-1	1
371	2020	0	-1	-1	0	-1	1	1	-1	-1	-1	1	-1	-1	1	1	1	-1	-1	1
372	2020	-1	-1	-1	1	0	1	0	NA	NA	NA	1	1	0	0	0	0	0	0	1
373	2020	-1	NA	NA	NA	1	NA	1	-1	-1	-1	1	-1	-1	1	-1	1	-1	-1	1
374	2020	1	-1	-1	1	-1	-1	-1	-1	NA	1	1	1	-1	0	1	0	-1	-1	-1
375	2020	-1	-1	-1	-1	1	-1	1	-1	-1	-1	1	-1	-1	1	-1	1	0	-1	-1
376	2020	1	-1	-1	1	1	1	-1	-1	-1	-1	1	-1	-1	1	1	1	0	0	0
377	2020	-1	-1	-1	1	-1	1	-1	NA	NA	NA	1	1	0	0	0	0	0	0	1
378	2020	NA	NA	NA	NA	NA	NA	1	-1	-1	-1	1	1	-1	1	-1	1	-1	-1	-1
379	2020	-1	-1	-1	-1	1	1	1	-1	-1	-1	1	-1	-1	1	-1	1	-1	-1	-1
380	2020	-1	-1	-1	-1	1	0	1	-1	-1	1	-1	1	-1	-1	-1	-1	-1	-1	-1
381	2020	-1	-1	-1	-1	1	1	1	-1	-1	-1	1	1	-1	-1	-1	1	0	-1	0
382	2020	0	-1	-1	0	1	1	1	-1	-1	-1	1	1	-1	-1	0	1	-1	-1	1
383	2020	-1	-1	-1	-1	1	0	1	-1	-1	-1	1	1	-1	1	-1	1	-1	-1	1
384	2020	-1	-1	-1	1	-1	1	-1	NA	NA	NA	1	0	0	0	0	0	0	0	0
385	2020	1	NA	NA	NA	NA	NA	NA	-1	-1	0	1	1	-1	0	-1	0	-1	-1	-1
386	2020	-1	-1	-1	-1	1	1	1	NA	NA	NA	NA	0	0	0	0	0	0	0	0
387	2020	-1	NA	NA	NA	NA	NA	NA	-1	-1	-1	1	-1	-1	1	-1	0	-1	-1	-1
388	2020	-1	-1	-1	0	1	1	1	-1	-1	-1	1	0	-1	0	0	1	1	-1	1
389	2020	-1	-1	-1	0	1	1	1	-1	-1	-1	1	1	-1	0	-1	-1	-1	-1	-1
390	2020	-1	-1	-1	-1	1	0	1	-1	-1	-1	1	1	-1	-1	-1	0	-1	-1	-1
391	2020	-1	-1	-1	-1	1	0	1	-1	-1	1	1	-1	-1	1	-1	1	-1	-1	1
392	2020	1	-1	-1	1	0	1	-1	-1	0	1	1	-1	-1	1	-1	0	-1	-1	1
393	2020	-1	-1	-1	0	1	-1	-1	-1	-1	-1	1	-1	-1	1	0	0	0	1	1
394	2020	0	-1	-1	1	0	1	-1	0	-1	-1	1	-1	-1	1	-1	1	-1	-1	0
395	2020	-1	-1	-1	1	-1	1	-1	NA	NA	NA	1	0	0	1	0	0	1	-1	1
396	2020	1	0	0	1	-1	1	-1	-1	-1	NA	1	1	-1	1	-1	1	1	1	1
397	2020	-1	-1	-1	1	1	1	1	NA	NA	1	NA	1	0	0	0	0	0	0	0
398	2020	NA	NA	NA	NA	1	NA	1	-1	-1	0	1	1	-1	-1	-1	1	-1	-1	-1
399	2020	-1	-1	-1	-1	1	1	1	0	-1	1	1	0	-1	1	-1	1	1	-1	-1
400	2020	-1	-1	-1	1	1	1	1	-1	-1	0	1	1	-1	1	-1	1	-1	-1	-1
401	2020	1	-1	-1	1	-1	0	-1	-1	-1	-1	1	-1	0	1	1	1	-1	0	1
402	2020	1	1	1	1	-1	1	-1	-1	-1	-1	1	1	-1	1	0	1	-1	-1	-1
403	2020	1	0	0	1	1	1	1	-1	-1	-1	1	-1	-1	1	-1	1	0	-1	1
404	2020	-1	-1	-1	-1	1	1	1	-1	-1	-1	1	1	-1	0	-1	1	0	-1	0
405	2020	-1	-1	-1	0	1	1	1	-1	-1	-1	1	-1	-1	-1	-1	-1	-1	-1	-1
406	2020	-1	-1	-1	1	0	1	0	-1	-1	-1	1	1	-1	1	-1	1	1	-1	-1
407	2020	-1	-1	-1	1	-1	1	-1	-1	-1	-1	1	1	-1	-1	-1	1	-1	-1	-1
408	2020	-1	-1	-1	-1	1	-1	1	-1	-1	-1	1	-1	-1	1	-1	1	1	-1	1
409	2020	1	-1	-1	1	-1	1	-1	1	-1	-1	1	1	-1	1	-1	1	-1	-1	1
410	2020	-1	-1	-1	1	1	1	-1	-1	-1	-1	1	-1	-1	1	-1	-1	0	0	0
411	2020	-1	-1	-1	1	0	1	-1	-1	1	-1	1	-1	0	1	-1	1	-1	-1	-1
412	2020	1	-1	-1	1	-1	1	-1	-1	-1	-1	1	-1	1	-1	1	0	-1	-1	0
413	2020	-1	-1	-1	1	0	1	1	-1	-1	-1	1	-1	-1	1	-1	1	-1	-1	-1
414	2020	1	-1	-1	1	0	1	-1	NA	NA	NA	NA	1	0	0	0	0	0	0	0
415	2020	NA	NA	NA	1	1	NA	NA	-1	-1	-1	1	1	1	0	0	1	-1	-1	-1
416	2020	-1	1	NA	NA	1	1	1	-1	0	0	1	-1	-1	1	1	1	-1	-1	-1
417	2020	-1	-1	-1	1	1	1	1	-1	NA	NA	1	0	0	1	0	1	0	0	0
418	2020	NA	NA	NA	1	NA	1	-1	-1	-1	-1	NA	1	-1	1	1	1	-1	1	-1
419	2020	-1	NA	-1	1	0	1	NA	-1	-1	-1	1	1	-1	0	-1	1	-1	-1	-1
420	2020	-1	-1	-1	1	1	1	1	-1	1	1	1	1	-1	1	0	1	-1	-1	1
421	2020	0	-1	-1	1	0	1	0	-1	-1	-1	1	1	-1	1	-1	1	0	-1	0
422	2020	1	-1	-1	1	-1	0	-1	-1	-1	-1	1	1	-1	1	-1	1	-1	-1	1
423	2020	-1	-1	-1	1	1	1	1	-1	-1	-1	-1	-1	-1	1	-1	0	0	-1	1
424	2020	-1	-1	-1	1	1	1	1	-1	-1	0	1	-1	-1	1	0	0	0	0	0
425	2020	-1	-1	-1	1	0	1	0	-1	-1	-1	1	1	-1	0	-1	1	0	-1	0
426	2020	-1	-1	-1	0	1	1	1	-1	-1	-1	1	1	-1	-1	-1	1	-1	-1	-1
427	2020	-1	-1	-1	-1	1	1	1	-1	-1	-1	1	1	-1	1	-1	1	0	-1	1
428	2020	1	-1	-1	1	0	1	-1	-1	-1	1	1	0	0	1	0	0	0	0	1
429	2020	0	NA	NA	1	NA	NA	NA	-1	-1	-1	1	1	-1	-1	-1	1	0	-1	1
430	2020	-1	NA	-1	-1	1	-1	1	-1	-1	-1	1	1	0	0	-1	1	-1	-1	-1
431	2020	-1	-1	-1	-1	0	1	1	-1	-1	-1	1	1	-1	1	0	1	0	0	1
432	2020	1	-1	-1	1	1	1	1	-1	0	NA	1	1	-1	0	-1	1	1	-1	-1
433	2020	-1	-1	-1	1	1	-1	1	-1	-1	-1	1	1	-1	1	1	1	-1	1	-1
434	2020	-1	-1	-1	1	0	1	1	-1	1	1	1	-1	-1	1	-1	1	1	-1	1
435	2020	1	-1	1	1	-1	1	-1	-1	1	1	1	-1	0	1	1	0	-1	1	0
436	2020	1	-1	0	1	1	0	-1	NA	NA	NA	1	1	0	0	0	0	0	0	0
437	2020	NA	NA	NA	NA	1	1	NA	-1	-1	-1	1	-1	-1	1	1	1	0	1	0
438	2020	-1	0	-1	1	-1	1	-1	-1	-1	0	1	1	-1	-1	-1	1	1	-1	-1
439	2020	-1	-1	-1	1	0	1	1	-1	1	-1	1	-1	-1	1	-1	1	-1	-1	-1
440	2020	1	-1	-1	1	0	1	-1	-1	-1	-1	1	-1	-1	1	-1	0	0	-1	1
441	2020	1	-1	-1	1	-1	0	-1	-1	-1	-1	1	0	-1	1	-1	1	0	-1	0
442	2020	-1	0	0	1	1	1	-1	-1	-1	-1	1	1	-1	1	-1	1	-1	-1	-1
443	2020	-1	-1	-1	1	1	1	1	-1	-1	-1	1	-1	-1	1	-1	0	-1	-1	-1
444	2020	-1	-1	-1	1	1	1	-1	NA	NA	1	NA	0	0	1	0	0	0	0	0
445	2020	1	NA	NA	NA	NA	1	NA	-1	-1	1	1	1	-1	1	0	0	-1	-1	-1
446	2020	-1	-1	-1	1	-1	1	1	-1	-1	-1	1	1	-1	1	-1	1	-1	-1	-1
447	2020	-1	-1	-1	1	1	1	0	-1	1	1	1	-1	-1	1	0	1	0	0	0
448	2020	1	0	0	1	0	1	0	-1	-1	-1	1	1	-1	-1	-1	1	0	-1	-1
449	2020	-1	-1	-1	0	1	1	0	NA	NA	NA	-1	0	0	-1	0	0	0	0	-1
450	2020	-1	0	0	1	0	1	1	-1	-1	-1	1	1	1	1	-1	1	0	-1	0
451	2020	-1	-1	-1	-1	1	1	1	-1	0	1	0	1	-1	1	-1	1	-1	-1	-1
452	2020	-1	-1	-1	0	1	1	1	-1	1	1	1	1	0	0	1	0	0	0	0
453	2020	-1	-1	-1	-1	-1	-1	-1	-1	-1	-1	1	-1	0	1	-1	1	0	-1	-1
454	2020	0	-1	-1	1	1	1	0	-1	-1	-1	1	-1	-1	-1	1	1	0	-1	1
455	2020	-1	-1	-1	1	-1	1	-1	-1	-1	-1	1	1	-1	1	-1	0	-1	-1	1
456	2020	1	NA	1	NA	1	NA	NA	-1	-1	-1	1	0	-1	-1	-1	1	-1	-1	1
457	2020	-1	-1	-1	0	1	0	-1	-1	0	1	1	1	-1	1	0	1	-1	0	1
458	2020	1	-1	-1	1	0	0	-1	-1	-1	-1	1	1	-1	1	0	0	0	0	0
459	2020	-1	-1	-1	-1	1	1	1	-1	1	1	1	1	-1	0	-1	0	-1	-1	-1
460	2020	-1	-1	-1	0	1	1	1	1	-1	-1	1	1	-1	-1	-1	1	-1	-1	-1
461	2020	-1	-1	-1	-1	1	0	1	-1	-1	-1	1	0	-1	1	-1	1	0	0	1
462	2020	1	-1	-1	1	-1	1	-1	NA	NA	NA	1	1	-1	1	-1	1	-1	-1	-1
463	2020	NA	NA	NA	NA	NA	1	NA	-1	-1	0	1	1	-1	0	0	1	-1	-1	-1
464	2020	-1	-1	-1	0	1	1	-1	-1	1	-1	1	1	-1	-1	0	0	0	0	0
465	2020	-1	-1	-1	-1	0	0	0	0	-1	-1	1	-1	-1	1	-1	1	-1	-1	1
466	2020	-1	-1	-1	1	1	1	-1	-1	1	-1	1	1	-1	0	0	1	0	0	1
467	2020	-1	-1	NA	-1	NA	0	1	0	0	-1	0	-1	-1	1	-1	1	-1	-1	-1
468	2020	-1	-1	-1	1	1	1	1	NA	NA	1	NA	1	0	1	0	0	0	0	1
469	2020	NA	NA	NA	NA	1	1	1	NA	NA	NA	1	0	0	1	0	0	0	0	1
470	2020	NA	NA	NA	NA	NA	1	1	-1	NA	NA	1	0	0	1	1	1	1	1	1
471	2020	1	-1	1	1	NA	NA	-1	NA	NA	NA	NA	0	0	0	0	0	0	0	0
472	2020	NA	NA	NA	NA	NA	NA	NA	-1	-1	-1	1	1	-1	1	-1	1	-1	-1	0
473	2020	-1	-1	-1	1	1	-1	-1	1	-1	-1	-1	1	-1	-1	-1	0	-1	-1	-1
474	2020	-1	-1	-1	-1	1	1	1	-1	-1	-1	1	1	-1	0	-1	1	0	-1	0
475	2020	-1	-1	-1	-1	1	0	-1	-1	1	1	1	0	0	-1	-1	-1	0	0	0
476	2020	-1	-1	-1	-1	1	1	1	-1	0	0	1	0	-1	0	-1	1	1	1	-1
477	2020	-1	-1	-1	0	1	0	-1	-1	-1	-1	1	1	-1	-1	-1	1	0	-1	0
478	2020	-1	-1	-1	-1	1	1	1	-1	0	1	1	1	-1	1	-1	1	-1	-1	-1
479	2020	-1	-1	-1	-1	1	1	1	-1	-1	-1	1	-1	-1	-1	-1	1	-1	-1	-1
480	2020	-1	-1	-1	NA	NA	-1	-1	1	-1	-1	1	1	-1	-1	-1	1	-1	-1	-1
481	2020	-1	-1	-1	-1	1	1	1	-1	-1	-1	1	0	-1	1	-1	1	-1	-1	-1
482	2020	0	-1	-1	1	1	1	1	0	0	0	1	1	-1	1	1	1	0	-1	0
483	2020	1	-1	-1	1	0	1	0	-1	-1	-1	1	-1	-1	1	0	0	-1	-1	-1
484	2020	1	-1	-1	1	-1	1	-1	-1	-1	-1	1	-1	-1	1	-1	1	-1	-1	-1
485	2020	-1	-1	-1	1	1	1	1	-1	-1	-1	1	1	-1	-1	-1	1	-1	-1	1
486	2020	1	-1	-1	1	-1	-1	-1	-1	-1	-1	1	-1	-1	1	-1	1	-1	-1	-1
487	2020	-1	-1	-1	1	-1	1	-1	-1	-1	-1	1	1	-1	1	-1	1	-1	-1	-1
488	2020	NA	-1	-1	1	-1	1	-1	-1	0	1	1	1	-1	0	-1	1	1	-1	0
489	2020	-1	-1	-1	0	1	1	1	-1	1	-1	1	0	-1	1	0	0	0	0	0
490	2020	-1	-1	-1	0	0	1	1	-1	-1	-1	1	-1	-1	1	-1	1	0	-1	1
491	2020	-1	-1	-1	1	0	1	0	-1	-1	-1	1	1	-1	1	-1	1	1	-1	-1
492	2020	-1	-1	-1	1	1	1	-1	-1	-1	-1	1	-1	-1	1	-1	1	1	-1	1
493	2020	1	-1	-1	1	1	1	-1	-1	-1	-1	1	0	-1	0	0	1	0	0	0
494	2020	-1	-1	-1	1	1	1	1	1	-1	-1	0	1	-1	0	-1	1	1	-1	0
495	2020	-1	-1	-1	0	1	1	1	-1	-1	-1	1	1	-1	1	-1	1	-1	-1	-1
496	2020	-1	-1	-1	1	1	1	1	-1	1	-1	1	-1	-1	0	-1	1	0	-1	1
497	2020	NA	-1	-1	1	1	1	0	NA	NA	1	1	0	0	0	1	0	-1	-1	0
498	2020	-1	-1	-1	-1	1	0	1	-1	-1	-1	1	0	-1	1	-1	1	-1	-1	-1
499	2020	1	-1	-1	1	1	1	-1	-1	1	1	1	0	0	1	0	1	0	0	0
500	2020	1	0	0	1	0	0	0	-1	1	1	1	1	-1	0	-1	1	-1	-1	-1
501	2020	-1	-1	-1	0	1	1	1	NA	NA	NA	1	1	0	0	0	0	0	0	1
502	2020	NA	NA	NA	NA	1	NA	NA	0	-1	-1	1	-1	-1	1	-1	1	-1	-1	1
503	2020	-1	-1	-1	-1	1	1	1	-1	0	-1	1	-1	-1	1	-1	0	-1	-1	0
504	2020	0	-1	-1	1	0	1	-1	-1	1	-1	1	-1	-1	1	1	1	-1	-1	1
505	2020	-1	-1	1	1	1	1	-1	NA	NA	NA	1	1	0	0	0	0	0	0	0
506	2020	NA	NA	NA	NA	NA	1	NA	-1	-1	-1	1	1	-1	1	0	1	0	-1	1
507	2020	0	-1	-1	1	1	1	-1	-1	-1	-1	1	1	-1	0	0	1	0	-1	-1
508	2020	-1	-1	-1	0	1	0	1	-1	-1	-1	1	-1	-1	1	-1	0	-1	0	-1
509	2020	1	-1	-1	1	-1	1	-1	-1	-1	1	1	-1	-1	1	-1	1	-1	-1	-1
510	2020	1	-1	-1	1	-1	1	-1	NA	NA	NA	1	0	0	0	0	0	-1	-1	-1
511	2020	NA	NA	NA	NA	NA	NA	NA	-1	-1	0	1	1	-1	1	0	1	-1	-1	0
512	2020	-1	-1	-1	1	1	1	1	-1	-1	-1	1	1	-1	-1	-1	1	-1	-1	-1
513	2020	-1	-1	-1	-1	1	1	1	-1	-1	-1	1	1	-1	-1	-1	1	-1	-1	-1
514	2020	-1	-1	-1	-1	1	1	1	-1	1	-1	0	1	-1	0	-1	1	0	0	0
515	2020	0	-1	-1	0	0	0	0	1	-1	-1	1	0	0	1	0	0	1	0	0
516	2020	1	-1	-1	1	1	1	-1	-1	-1	-1	1	-1	-1	1	-1	1	-1	-1	-1
517	2020	0	-1	-1	1	-1	1	1	-1	-1	-1	1	1	-1	1	1	1	-1	-1	0
518	2020	-1	-1	-1	1	1	1	1	-1	-1	0	1	1	-1	0	-1	1	-1	-1	-1
519	2020	0	-1	-1	1	0	1	1	-1	-1	-1	-1	-1	0	0	0	1	0	0	1
520	2020	1	1	1	NA	0	0	1	-1	-1	-1	1	1	-1	1	-1	1	-1	-1	-1
521	2020	1	-1	-1	1	1	1	-1	-1	-1	1	1	-1	-1	1	-1	1	-1	-1	-1
522	2020	1	-1	-1	1	-1	1	-1	-1	1	0	1	-1	0	1	0	1	-1	-1	-1
523	2020	1	0	-1	1	0	-1	-1	-1	-1	-1	1	1	-1	1	-1	0	-1	-1	1
524	2020	0	-1	-1	1	0	1	-1	-1	-1	-1	1	1	-1	1	-1	1	-1	-1	1
525	2020	0	-1	-1	1	1	1	1	1	-1	-1	1	0	-1	1	-1	1	-1	-1	1
526	2020	1	-1	-1	1	-1	1	1	-1	0	0	1	0	0	1	0	0	0	0	0
527	2020	1	1	-1	1	-1	1	-1	-1	-1	-1	1	-1	-1	1	-1	1	-1	-1	0
528	2020	1	-1	-1	1	1	1	-1	NA	NA	NA	1	0	0	1	0	0	0	0	0
529	2020	NA	NA	NA	NA	NA	1	NA	-1	-1	0	1	1	-1	1	-1	0	-1	-1	-1
530	2020	-1	-1	-1	-1	1	1	1	-1	-1	-1	1	-1	-1	-1	1	1	0	-1	1
531	2020	1	-1	0	1	-1	1	-1	-1	-1	-1	1	0	-1	1	-1	0	-1	-1	-1
532	2020	0	-1	-1	1	0	1	1	-1	-1	0	1	-1	-1	1	0	1	-1	0	0
533	2020	1	-1	0	1	-1	0	-1	-1	-1	-1	1	0	-1	1	-1	1	0	-1	1
534	2020	-1	-1	-1	1	1	1	0	NA	NA	NA	1	0	0	1	0	0	0	0	0
535	2020	NA	NA	NA	1	NA	NA	NA	NA	NA	NA	1	0	0	1	0	0	0	0	0
536	2020	NA	NA	NA	1	NA	NA	NA	NA	NA	NA	1	0	0	0	0	0	0	0	0
537	2020	1	-1	-1	1	1	1	-1	0	0	0	1	-1	-1	1	-1	1	-1	-1	0
538	2020	1	-1	-1	1	0	1	-1	NA	NA	NA	1	0	0	1	0	0	0	0	0
539	2020	NA	NA	NA	NA	1	NA	NA	-1	-1	-1	1	-1	-1	1	-1	0	-1	-1	-1
540	2020	1	-1	-1	1	0	1	0	NA	NA	NA	1	0	0	1	0	0	0	0	0
541	2020	1	-1	-1	1	0	1	0	1	-1	-1	1	1	-1	0	-1	1	0	0	0
542	2020	1	-1	-1	1	1	0	-1	-1	-1	-1	1	1	-1	-1	-1	1	-1	-1	-1
543	2020	-1	-1	-1	-1	-1	1	1	NA	NA	1	NA	0	0	1	0	0	-1	-1	1
544	2020	NA	NA	NA	NA	1	NA	NA	-1	1	1	1	1	-1	0	-1	1	-1	-1	0
545	2020	-1	-1	-1	0	1	1	1	NA	NA	NA	1	0	0	1	0	0	0	0	1
546	2020	0	NA	NA	NA	NA	NA	NA	-1	1	1	1	0	0	1	1	1	-1	0	-1
547	2020	1	-1	-1	1	-1	0	-1	-1	-1	-1	1	-1	0	1	-1	1	0	0	1
548	2020	1	1	NA	NA	NA	NA	NA	-1	-1	-1	1	1	-1	1	0	1	-1	-1	-1
549	2020	0	-1	-1	1	1	1	-1	-1	-1	-1	1	-1	-1	1	1	0	0	-1	-1
550	2020	1	0	1	1	-1	1	-1	-1	-1	-1	1	1	-1	0	-1	1	-1	-1	-1
551	2020	-1	-1	-1	0	1	0	1	0	0	0	0	0	0	0	0	0	0	0	0
552	2020	0	0	0	0	0	0	0	NA	NA	NA	1	0	0	1	0	0	0	0	0
553	2020	1	NA	NA	1	NA	1	NA	-1	-1	-1	1	-1	-1	1	0	0	-1	1	-1
554	2020	1	-1	-1	1	1	0	-1	-1	1	1	1	0	-1	1	-1	1	0	0	1
555	2020	0	-1	-1	1	0	0	0	NA	NA	NA	1	1	-1	-1	-1	1	1	-1	1
556	2020	-1	-1	-1	-1	1	1	1	-1	NA	1	NA	-1	-1	1	-1	0	-1	-1	-1
557	2020	1	-1	-1	1	-1	0	-1	-1	-1	-1	1	1	-1	-1	-1	1	-1	-1	-1
558	2020	-1	-1	-1	-1	1	1	1	-1	-1	-1	1	-1	0	1	0	0	-1	-1	1
559	2020	1	0	0	1	-1	1	-1	-1	-1	-1	1	-1	-1	1	-1	1	-1	1	-1
560	2020	1	-1	-1	1	-1	1	-1	-1	-1	1	1	1	-1	1	-1	1	-1	-1	-1
561	2020	-1	-1	-1	-1	1	1	1	-1	-1	-1	1	1	-1	-1	-1	1	-1	-1	-1
562	2020	1	-1	-1	1	-1	1	-1	NA	NA	NA	1	0	0	1	0	0	0	0	0
563	2020	NA	NA	NA	NA	NA	1	NA	NA	NA	NA	NA	0	0	0	0	0	0	0	0
564	2020	NA	NA	NA	NA	NA	NA	NA	-1	1	1	1	1	-1	1	0	1	0	0	1
565	2020	0	-1	-1	1	0	1	0	-1	-1	-1	1	1	-1	-1	-1	0	-1	-1	-1
566	2020	-1	-1	-1	-1	1	1	1	NA	NA	NA	NA	0	0	0	0	0	0	0	0
567	2020	NA	NA	NA	NA	NA	NA	NA	-1	1	1	1	-1	-1	1	0	0	0	-1	-1
568	2020	1	0	0	1	1	1	-1	0	0	0	1	1	-1	1	-1	1	0	-1	-1
569	2020	1	-1	-1	1	0	1	-1	-1	-1	-1	1	1	-1	-1	1	1	0	-1	0
570	2020	1	-1	-1	0	0	0	1	-1	-1	-1	1	-1	-1	1	-1	1	-1	-1	-1
571	2020	1	-1	-1	1	1	1	-1	-1	-1	-1	1	1	-1	1	-1	1	-1	-1	-1
572	2020	-1	-1	-1	-1	1	1	1	-1	-1	-1	1	-1	-1	0	0	0	-1	0	0
573	2020	1	1	1	-1	-1	-1	-1	-1	-1	-1	1	-1	-1	1	-1	0	0	-1	0
574	2020	1	-1	-1	1	-1	1	-1	-1	-1	-1	1	1	-1	-1	-1	-1	1	-1	-1
575	2020	-1	-1	-1	1	0	1	-1	-1	-1	-1	1	1	-1	1	-1	0	-1	-1	1
576	2020	0	-1	-1	1	0	1	-1	-1	-1	-1	1	-1	-1	1	-1	1	0	0	0
577	2020	1	-1	-1	1	0	1	0	-1	-1	NA	1	-1	-1	1	-1	-1	0	1	1
578	2020	-1	-1	-1	1	1	1	1	-1	1	1	1	-1	-1	1	0	1	-1	0	-1
579	2020	1	-1	-1	1	-1	1	-1	-1	0	-1	1	1	-1	-1	-1	1	-1	-1	-1
580	2020	-1	-1	-1	1	1	-1	1	-1	-1	-1	1	0	0	0	-1	1	0	0	0
581	2020	1	-1	-1	1	0	1	-1	-1	-1	-1	1	-1	-1	1	0	1	0	0	-1
582	2020	1	-1	-1	1	1	1	0	-1	-1	0	1	-1	-1	1	-1	0	0	-1	1
583	2020	1	-1	-1	1	-1	0	1	-1	-1	1	1	0	1	0	1	-1	-1	0	0
584	2020	1	-1	-1	1	1	1	0	NA	NA	NA	NA	0	0	1	0	0	0	0	0
585	2020	1	NA	NA	1	NA	NA	NA	-1	-1	-1	1	-1	-1	1	-1	1	-1	-1	-1
586	2020	1	0	0	1	0	1	-1	-1	-1	-1	1	-1	-1	1	-1	-1	-1	-1	-1
587	2020	-1	-1	-1	0	1	0	1	-1	-1	-1	1	1	-1	0	-1	0	0	-1	0
588	2020	1	-1	-1	1	-1	1	-1	NA	NA	1	NA	1	0	0	0	1	0	0	0
589	2020	NA	NA	NA	1	NA	NA	NA	-1	0	1	NA	-1	-1	1	1	1	0	0	0
590	2020	1	-1	-1	1	0	1	-1	NA	NA	NA	NA	0	0	0	0	0	0	0	0
591	2020	NA	NA	NA	NA	NA	NA	NA	-1	-1	-1	1	1	-1	-1	-1	1	-1	-1	-1
592	2020	1	-1	-1	1	1	1	1	NA	NA	1	NA	1	0	0	0	0	-1	-1	1
593	2020	NA	NA	NA	NA	1	NA	1	-1	-1	-1	1	-1	0	0	-1	0	-1	-1	0
594	2020	-1	-1	-1	-1	1	0	1	1	-1	-1	1	1	-1	0	-1	0	1	-1	1
595	2020	-1	NA	-1	0	1	1	1	-1	1	1	1	0	0	1	1	1	-1	-1	0
596	2020	1	1	-1	-1	0	-1	0	-1	-1	0	1	1	-1	0	-1	1	-1	-1	-1
597	2020	0	-1	-1	0	1	0	1	-1	-1	-1	1	-1	-1	1	-1	1	0	-1	1
598	2020	0	-1	-1	1	-1	1	-1	-1	-1	-1	1	-1	-1	1	-1	0	-1	-1	-1
599	2020	1	-1	-1	1	-1	1	0	-1	-1	-1	1	1	-1	-1	-1	1	-1	-1	-1
600	2020	-1	-1	-1	-1	1	1	1	-1	-1	-1	1	-1	-1	1	1	1	0	0	0
601	2020	1	-1	-1	1	-1	-1	-1	-1	1	1	1	1	-1	0	-1	1	0	-1	1
602	2020	-1	-1	-1	0	1	1	1	NA	NA	NA	NA	0	0	0	0	0	0	0	-1
603	2020	NA	NA	NA	NA	NA	NA	NA	-1	0	0	1	1	-1	1	-1	0	0	0	0
604	2020	-1	-1	-1	1	0	0	0	-1	-1	-1	1	1	0	0	-1	1	0	-1	-1
605	2020	-1	-1	-1	0	1	1	1	-1	1	1	1	1	-1	1	-1	1	0	-1	1
606	2020	-1	-1	-1	1	1	1	1	-1	-1	-1	1	1	-1	-1	-1	1	1	-1	-1
607	2020	-1	-1	-1	-1	1	1	1	-1	-1	-1	1	1	-1	-1	-1	1	-1	-1	-1
608	2020	-1	-1	-1	-1	1	1	1	NA	NA	NA	1	0	0	1	0	1	0	0	0
609	2020	1	-1	-1	1	1	1	-1	-1	-1	-1	1	1	-1	0	-1	1	-1	-1	-1
610	2020	-1	-1	-1	-1	0	1	1	-1	-1	-1	1	0	0	0	0	0	0	0	0
611	2020	0	-1	-1	1	0	0	0	-1	-1	-1	1	0	-1	0	-1	1	0	-1	1
612	2020	1	-1	-1	0	0	1	-1	NA	NA	NA	1	1	0	0	0	0	0	0	0
613	2020	NA	NA	NA	NA	NA	1	NA	-1	-1	NA	1	1	-1	1	-1	1	0	0	0
614	2020	-1	-1	-1	1	1	1	1	-1	-1	-1	1	1	-1	-1	-1	1	-1	-1	0
615	2020	-1	-1	-1	-1	1	1	1	NA	NA	NA	1	1	0	0	0	0	0	0	0
616	2020	0	-1	-1	1	1	1	1	-1	-1	1	1	1	-1	1	-1	1	-1	-1	-1
617	2020	-1	-1	-1	-1	1	-1	1	NA	NA	NA	1	0	0	1	0	0	0	0	1
618	2020	NA	NA	NA	1	NA	NA	NA	-1	0	0	1	1	-1	1	0	1	-1	0	0
619	2020	-1	-1	-1	0	1	0	1	-1	0	0	1	0	0	0	0	0	-1	-1	0
620	2020	1	0	0	1	-1	0	-1	-1	-1	1	1	-1	-1	1	-1	0	1	-1	1
621	2020	-1	-1	-1	-1	0	1	1	NA	NA	1	NA	1	0	0	0	0	0	0	1
622	2020	0	NA	NA	NA	NA	NA	NA	-1	-1	1	1	1	-1	-1	0	1	-1	-1	-1
623	2020	0	-1	-1		1	1	1	-1	-1	-1	1	0	-1	1	-1	1	0	-1	1
624	2020	-1	-1	-1	1	1	1	0	-1	1	-1	1	-1	-1	1	-1	0	0	-1	-1
625	2020	-1	-1	-1	1	0	1	1	-1	-1	-1	1	0	-1	1	-1	1	0	-1	1
626	2020	-1	-1	-1	1	1	1	0	-1	-1	1	1	1	-1	-1	-1	0	0	0	0
627	2020	-1	-1	-1	-1	1	1	1	-1	0	-1	1	1	-1	0	-1	1	0	0	0
628	2020	-1	-1	-1	0	1	0	1	-1	-1	-1	1	-1	-1	1	-1	0	-1	-1	0
629	2020	-1	-1	-1	1	-1	-1	-1	-1	1	0	1	1	-1	-1	-1	1	-1	-1	0
630	2020	-1	-1	-1	0	1	1	1	-1	-2	-1	1	1	-1	1	-1	1	-1	-1	-1
631	2020	-1	-1	-1	0	1	0	0	-1	-1	-1	1	-1	-1	1	0	1	0	-1	-1
632	2020	-1	-1	-1	1	1	1	1	-1	0	0	1	0	0	0	1	1	-1	-1	-1
633	2020	-1	-1	-1	1	1	1	1	-1	-1	-1	1	1	-1	-1	-1	1	-1	0	0
634	2020	0	-1	-1	0	1	1	1	-1	-1	-1	1	1	-1	1	-1	1	-1	-1	-1
635	2020	-1	-1	-1	1	1	1	1	-1	1	1	1	-1	-1	1	-1	0	-1	-1	1
636	2020	0	-1	-1	1	0	0	1	-1	-1	-1	1	1	-1	0	-1	1	-1	-1	-1
637	2020	-1	NA	-1	-1	1	1	1	-1	-1	-1	1	1	-1	1	-1	1	1	-1	0
638	2020	0	-1	-1	1	1	1	0	-1	-1	-1	1	-1	-1	1	-1	0	0	-1	0
639	2020	1	-1	0	1	1	1	1	-1	1	-1	1	-1	-1	1	0	0	0	0	0
640	2020	-1	-1	0	1	-1	0	-1	-1	-1	NA	1	1	-1	-1	-1	0	0	-1	-1
641	2020	-1	-1	-1	-1	1	0	0	-1	-1	-1	1	-1	-1	-1	-1	1	-1	0	-1
642	2020	1	-1	-1	1	-1	1	-1	-1	-1	-1	1	1	-1	0	-1	0	0	-1	0
643	2020	-1	-1	-1	1	1	1	1	-1	1	1	1	1	-1	1	-1	1	-1	-1	-1
644	2020	1	-1	-1	1	1	-1	-1	-1	1	-1	1	-1	-1	1	0	0	0	0	0
645	2020	1	-1	-1	1	0	1	0	-1	1	-1	1	-1	-1	1	-1	1	0	-1	1
646	2020	1	-1	-1	1	-1	0	-1	-1	-1	-1	1	-1	-1	0	-1	0	1	-1	-1
647	2020	-1	-1	-1	-1	1	1	-1	-1	1	-1	1	1	0	1	-1	0	-1	-1	-1
648	2020	0	-1	-1	0	1	1	0	-1	-1	-1	1	1	-1	-1	-1	-1	-1	-1	-1
649	2020	-1	-1	-1	-1	1	1	1	-1	-1	-1	1	-1	-1	1	0	0	-1	-1	-1
650	2020	1	-1	-1	1	-1	1	-1	-1	-1	-1	1	1	-1	1	-1	1	-1	-1	0
651	2020	1	-1	-1	1	0	1	-1	NA	NA	NA	1	0	0	1	0	0	0	0	0
652	2020	-1	-1	-1	1	1	1	1	-1	-1	0	1	-1	-1	1	-1	1	0	0	1
653	2020	0	-1	-1	1	0	1	0	-1	-1	0	1	1	-1	-1	-1	1	1	-1	1
654	2020	-1	-1	-1	-1	1	0	1	-1	-1	-1	1	-1	-1	1	-1	0	0	-1	0
655	2020	1	-1	-1	1	0	-1	0	-1	-1	-1	NA	-1	-1	1	-1	1	-1	-1	0
656	2020	-1	-1	-1	1	-1	1	0	0	-1	-1	1	1	-1	0	-1	0	0	-1	0
657	2020	0	-1	-1	0	1	NA	1	-1	-1	-1	1	1	-1	0	-1	1	0	0	1
658	2020	-1	-1	-1	-1	1	1	1	-1	-1	-1	1	1	-1	1	-1	1	-1	0	0
659	2020	-1	-1	-1	1	1	1	1	1	-1	-1	1	1	-1	0	-1	1	0	-1	-1
660	2020	-1	-1	-1	-1	1	NA	1	0	-1	-1	1	1	-1	1	-1	0	1	1	0
661	2020	-1	-1	-1	-1	1	1	0	-1	1	0	1	-1	-1	1	-1	1	-1	-1	-1
662	2020	NA	-1	-1	1	-1	1	-1	-1	1	1	1	-1	-1	1	0	1	-1	-1	-1
663	2020	0	-1	-1	1	1	1	-1	-1	NA	1	1	1	-1	-1	-1	0	0	-1	-1
664	2020	-1	-1	-1	-1	1	0	-1	-1	-1	-1	1	-1	0	1	0	1	0	-1	0
665	2020	-1	-1	NA	1	-1	1	1	-1	-1	1	1	0	-1	1	0	0	-1	-1	-1
666	2020	1	-1	-1	1	0	1	-1	1	-1	-1	1	1	-1	0	-1	1	-1	-1	-1
667	2020	-1	-1	-1	-1	1	0	1	-1	-1	-1	1	1	-1	-1	-1	1	0	-1	1
668	2020	-1	-1	-1	-1	1	0	1	-1	-1	-1	1	1	-1	0	-1	1	-1	-1	-1
669	2020	-1	-1	-1	0	-1	-1	1	-1	-1	-1	1	1	-1	1	-1	1	-1	-1	-1
670	2020	-1	-1	-1	1	0	0	0	-1	1	1	1	1	-1	0	-1	1	-1	-1	-1
671	2020	-1	-1	-1	-1	1	1	1	-1	1	-1	1	1	-1	-1	-1	1	-1	-1	-1
672	2020	-1	-1	-1	-1	1	-1	1	-1	1	1	1	1	-1	-1	-1	1	-1	-1	-1
673	2020	-1	-1	-1	-1	1	1	1	-1	-1	-1	1	0	-1	1	-1	1	-1	-1	-1
674	2020	-1	-1	-1	-1	0	1	1	-1	1	0	1	-1	-1	1	1	1	1	-1	1
675	2020	0	-1	-1	1	1	1	0	-1	-1	-1	1	-1	-1	1	-1	1	-1	-1	1
676	2020	-1	-1	-1	1	1	1	1	-1	-1	-1	1	-1	-1	1	-1	1	-1	-1	-1
677	2020	-1	-1	-1	1	0	1	1	1	-1	-1	1	0	1	-1	-1	-1	-1	0	-1
678	2020	1	1	-1	-1	-1	1	-1	-1	-1	-1	1	1	-1	-1	-1	1	-1	-1	-1
679	2020	-1	-1	-1	-1	1	-1	1	-1	0	0	1	0	-1	1	-1	0	-1	-1	1
680	2020	-1	-1	-1	1	0	0	0	-1	0	NA	1	0	-1	0	-1	1	-1	-1	-1
681	2020	-1	-1	-1	1	0	1	1	-1	NA	NA	1	1	0	0	-1	1	0	-1	0
682	2020	-1	-1	-1	NA	1	1	0	-1	-1	0	1	1	-1	1	-1	1	-1	-1	-1
683	2020	-1	-1	-1	-1	1	1	1	-1	-1	-1	1	-1	-1	1	-1	1	0	-1	1
684	2020	0	-1	-1	1	1	1	1	-1	-1	-1	1	-1	-1	0	-1	0	0	-1	0
685	2020	-1	-1	-1	0	1	1	1	-1	-1	-1	1	1	-1	0	-1	1	0	-1	0
686	2020	-1	-1	-1	-1	1	1	1	-1	-1	-1	1	1	-1	-1	-1	1	-1	-1	-1
687	2020	-1	-1	-1	-1	1	1	1	-1	-1	-1	1	1	-1	-1	-1	-1	-1	-1	-1
688	2020	-1	-1	-1	-1	1	1	1	1	-1	-1	-1	1	-1	-1	-1	-1	1	-1	1
689	2020	-1	-1	-1	-1	1	-1	-1	-1	-1	-1	1	1	-1	1	0	1	-1	-1	-1
690	2020	-1	-1	-1	-1	1	1	1	-1	1	1	1	-1	-1	1	-1	0	-1	-1	-1
691	2020	1	-1	-1	1	-1	1	-1	-1	-1	0	1	1	0	0	0	1	0	0	1
692	2020	0	-1	-1	1	0	0	1	-1	-1	-1	1	1	-1	-1	-1	1	-1	-1	1
693	2020	1	-1	-1	1	0	0	-1	-1	-1	1	1	1	-1	-1	-1	1	-1	-1	0
694	2020	-1	-1	-1	-1	1	0	1	-1	0	1	1	0	-1	1	-1	0	0	-1	1
695	2020	1	-1	-1	1	-1	1	-1	-1	NA	NA	1	-1	-1	1	1	0	-1	-1	1
696	2020	1	1	0	0	-1	1	-1	-1	-1	-1	1	-1	-1	1	0	1	-1	-1	-1
697	2020	-1	-1	-1	1	1	1	-1	NA	NA	NA	1	1	0	0	0	0	1	0	0
698	2020	1	NA	NA	NA	NA	NA	NA	-1	0	0	1	-1	-1	1	-1	0	-1	-1	0
699	2020	1	-1	-1	1	0	1	0	-1	1	1	1	1	-1	1	0	0	0	0	0
700	2020	1	-1	-1	1	-1	1	1	NA	-1	NA	1	-1	-1	1	0	1	0	0	0
701	2020	NA	-1	1	NA	1	-1	-1	-1	-1	0	1	1	-1	0	-1	1	-1	-1	-1
702	2020	-1	-1	-1	1	1	1	1	NA	NA	NA	1	1	0	0	0	0	1	0	0
703	2020	1	NA	NA	NA	NA	NA	NA	-1	-1	-1	1	-1	-1	1	1	0	-1	-1	-1
704	2020	-1	-1	-1	1	0	1	-1	-1	-1	0	1	1	-1	1	-1	1	0	-1	1
705	2020	1	-1	-1	-1	1	1	1	-1	0	1	1	1	-1	1	-1	1	-1	-1	-1
706	2020	0	-1	-1	1	1	1	1	-1	1	1	1	-1	-1	1	-1	0	-1	-1	-1
707	2020	-1	-1	-1	1	-1	-1	-1	-1	-1	-1	1	-1	-1	1	1	1	0	0	0
708	2020	1	-1	-1	1	-1	-1	-1	0	-1	1	1	1	-1	-1	-1	1	1	-1	-1
709	2020	-1	-1	-1	-1	0	1	1	-1	-1	-1	1	1	-1	1	0	0	1	-1	1
710	2020	0	-1	-1	1	0	1	1	-1	-1	-1	1	-1	-1	1	-1	1	-1	-1	-1
711	2020	-1	-1	-1	1	1	0	-1	-1	-1	-1	1	1	-1	-1	-1	1	-1	-1	1
712	2020	-1	-1	-1	0	0	1	1	NA	NA	NA	NA	0	0	0	0	0	0	0	0
713	2020	NA	NA	NA	NA	NA	NA	NA	0	-1	-1	1	1	-1	-1	0	1	-1	-1	-1
714	2020	-1	-1	-1	-1	0	1	1	0	-1	-1	1	-1	-1	1	-1	1	0	-1	0
715	2020	-1	-1	-1	0	1	1	0	-1	1	-1	1	-1	-1	1	1	1	-1	-1	1
716	2020	1	-1	-1	1	1	1	1	-1	0	0	1	0	-1	0	0	0	0	-1	1
717	2020	NA	1	0	1	-1	0	0	-1	1	-1	1	1	-1	-1	-1	-1	-1	-1	0
718	2020	-1	-1	-1	-1	1	1	1	-1	-1	-1	1	0	-1	0	0	1	-1	-1	1
719	2020	0	-1	-1	0	0	0	1	-1	-1	1	1	-1	-1	-1	-1	-1	-1	-1	1
720	2020	1	-1	-1	1	0	0	1	1	-1	-1	1	-1	-1	1	-1	0	0	-1	0
721	2020	1	-1	-1	1	0	0	-1	-1	1	0	1	0	-1	1	1	1	0	1	1
722	2020	1	-1	0	1	0	1	-1	-1	-1	-1	1	-1	-1	1	0	1	1	-1	1
723	2020	1	-1	-1	1	1	1	-1	-1	-1	-1	1	-1	1	1	0	1	-1	-1	-1
724	2020	-1	-1	-1	1	0	1	-1	-1	-1	-1	1	0	-1	-1	0	1	0	0	0
725	2020	-1	-1	-1	0	1	1	0	NA	NA	NA	1	1	0	0	0	0	0	0	1
726	2020	-1	NA	1	NA	NA	NA	1	-1	-1	-1	1	1	-1	1	-1	1	-1	-1	1
727	2020	1	-1	-1	1	0	1	-1	-1	-1	0	1	0	-1	1	-1	1	-1	-1	-1
728	2020	-1	-1	-1	0	1	1	1	-1	-1	-1	1	-1	-1	1	-1	0	-1	-1	0
729	2020	1	-1	-1	1	-1	1	-1	-1	-1	1	1	-1	-1	1	-1	1	0	-1	-1
730	2020	-1	-1	-1	1	1	1	-1	NA	NA	NA	1	1	0	0	0	0	0	0	0
731	2020	NA	NA	NA	NA	1	1	NA	NA	NA	NA	1	1	0	0	0	0	0	0	0
732	2020	NA	NA	NA	NA	1	1	NA	-1	1	1	1	1	-1	1	0	1	-1	-1	-1
733	2020	1	-1	-1	1	-1	1	-1	-1	1	-1	1	-1	0	0	0	0	0	0	0
734	2020	-1	-1	1	-1	-1	0	-1	-1	-1	-1	1	-1	-1	1	1	1	0	0	0
735	2020	1	-1	-1	1	-1	-1	-1	-1	-1	-1	1	1	-1	1	0	1	-1	-1	-1
736	2020	0	-1	-1	1	0	0	1	-1	-1	1	NA	0	0	1	0	0	0	0	1
737	2020	1	-1	-1	1	1	1	0	-1	-1	-1	-1	-1	-1	1	1	1	0	-1	-1
738	2020	1	-1	-1	1	1	1	-1	-1	-1	-1	1	0	-1	1	0	1	1	-1	1
739	2020	1	-1	-1	1	0	1	-1	NA	NA	1	NA	1	0	0	0	0	0	0	0
740	2020	NA	NA	NA	1	NA	NA	NA	-1	-1	-1	-1	-1	-1	1	-1	0	1	-1	0
741	2020	-1	-1	-1	1	0	0	-1	-1	0	0	0	1	-1	-1	-1	1	0	-1	1
742	2020	-1	-1	-1	0	1	0	1	-1	-1	-1	1	-1	-1	1	1	0	-1	-1	1
743	2020	1	0	0	1	-1	1	-1	-1	-1	-1	1	-1	-1	1	-1	-1	0	-1	-1
744	2020	1	-1	-1	1	1	1	-1	-1	-1	0	1	1	-1	-1	-1	1	-1	-1	0
745	2020	-1	-1	-1	-1	1	1	1	-1	-1	-1	1	-1	-1	1	-1	1	1	-1	-1
746	2020	1	-1	-1	1	0	0	-1	-1	-1	-1	1	-1	0	1	0	1	-1	-1	0
747	2020	1	0	0	1	-1	1	-1	-1	0	0	1	-1	-1	1	-1	0	0	-1	0
748	2020	1	0	-1	1	-1	1	-1	-1	1	-1	1	-1	-1	1	-1	1	-1	-1	-1
749	2020	1	0	0	1	1	1	0	-1	1	0	1	1	-1	1	-1	1	1	-1	-1
750	2020	-1	-1	-1	0	-1	1	1	-1	-1	1	1	1	-1	1	0	1	0	0	0
751	2020	1	-1	-1	1	-1	1	-1	-1	-1	-1	1	1	-1	-1	-1	1	-1	-1	0
752	2020	-1	-1	-1	0	1	0	1	-1	-1	-1	1	1	-1	-1	-1	1	-1	-1	0
753	2020	-1	-1	-1	-1	1	1	NA	-1	1	1	1	0	-1	1	0	1	-1	-1	0
754	2020	0	-1	-1	1	0	1	1	-1	-1	-1	1	1	-1	1	-1	1	-1	-1	-1
755	2020	0	-1	-1	0	1	1	0	NA	NA	NA	1	0	0	0	0	0	0	0	0
756	2020	1	-1	-1	1	0	1	-1	-1	-1	-1	1	1	-1	-1	-1	0	-1	-1	-1
757	2020	-1	-1	-1	0	1	1	1	-1	-1	-1	1	1	-1	-1	-1	1	1	-1	0
758	2020	-1	-1	1	0	1	0	0	-1	0	0	1	1	-1	0	-1	1	0	-1	1
759	2020	-1	-1	-1	1	0	1	0	-1	-1	-1	1	-1	-1	1	-1	0	-1	-1	0
760	2020	1	-1	-1	1	1	1	-1	-1	1	1	1	-1	-1	1	-1	0	-1	-1	-1
761	2020	NA	-1	-1	1	1	1	NA	-1	-1	-1	1	1	-1	0	-1	1	-1	-1	0
762	2020	-1	-1	-1	1	1	1	1	-1	-1	1	1	1	-1	1	0	1	0	-1	-1
763	2020	-1	-1	-1	1	1	1	1	-1	-1	-1	1	1	-1	1	-1	1	0	-1	-1
764	2020	-1	-1	-1	1	1	1	1	-1	-1	-1	1	1	-1	1	-1	1	-1	-1	-1
765	2020	0	-1	-1	1	1	1	1	-1	0	0	1	-1	-1	1	-1	1	-1	-1	1
766	2020	-1	-1	-1	1	1	1	1	-1	1	1	1	-1	-1	1	-1	1	-1	-1	1
767	2020	1	-1	-1	1	-1	1	-1	-1	-1	-1	1	-1	-1	1	-1	-1	-1	-1	-1
768	2020	1	-1	-1	1	1	1	1	-1	-1	-1	1	-1	-1	1	1	1	-1	-1	1
769	2020	-1	-1	-1	1	0	1	-1	-1	-1	-1	1	1	-1	0	0	1	0	-1	-1
770	2020	-1	-1	-1	0	1	1	1	-1	1	-1	1	1	-1	1	-1	0	0	-1	0
771	2020	0	-1	-1	1	0	1	0	-1	-1	-1	1	-1	-1	1	-1	1	-1	-1	-1
772	2020	-1	-1	-1	-1	1	1	1	-1	1	-1	1	-1	-1	1	0	1	-1	-1	-1
773	2020	-1	-1	-1	-1	1	0	1	-1	-1	-1	1	1	-1	-1	-1	1	1	-1	-1
774	2020	0	-1	-1	1	0	0	0	-1	-1	-1	1	-1	-1	1	0	1	-1	-1	-1
775	2020	NA	NA	NA	1	NA	NA	NA	-1	0	-1	1	0	1	0	0	0	0	0	1
776	2020	1	0	0	1	1	1	-1	-1	-1	-1	1	1	-1	-1	-1	1	-1	-1	-1
777	2020	-1	-1	-1	-1	1	1	1	-1	-1	-1	1	1	-1	1	-1	1	0	-1	-1
778	2020	-1	-1	-1	0	1	1	1	-1	-1	-1	1	1	-1	1	-1	1	-1	-1	0
779	2020	0	-1	-1	1	0	1	0	-1	1	1	1	1	-1	-1	-1	1	-1	-1	0
780	2020	-1	-1	-1	-1	1	1	1	-1	-1	-1	1	-1	-1	1	-1	1	0	0	0
781	2020	1	-1	-1	1	-1	0	-1	-1	-1	0	1	-1	1	1	1	1	-1	1	-1
782	2020	1	-1	-1	1	NA	0	0	-1	0	0	1	1	-1	0	-1	1	0	0	0
783	2020	-1	-1	-1	1	NA	NA	0	-1	-1	-1	1	1	-1	1	0	1	-1	-1	-1
784	2020	1	-1	-1	-1	0	-1	1	-1	-1	-1	1	1	-1	1	-1	1	0	-1	0
785	2020	-1	-1	-1	1	1	1	-1	-1	-1	-1	1	1	-1	1	-1	1	0	-1	1
786	2020	-1	-1	-1	1	0	1	1	1	0	0	0	1	-1	-1	-1	0	1	-1	1
787	2020	-1	-1	-1	0	0	0	1	-1	1	-1	1	-1	-1	1	0	1	-1	-1	1
788	2020	1	-1	-1	1	-1	1	-1	-1	-1	-1	1	-1	-1	1	-1	1	-1	-1	-1
789	2020	-1	-1	-1	1	1	1	1	-1	1	1	1	1	-1	-1	0	1	-1	-1	-1
790	2020	1	-1	-1	1	1	1	0	-1	-1	-1	1	0	-1	1	0	1	0	-1	-1
791	2020	-1	-1	-1	-1	0	1	1	-1	-1	-1	1	0	-1	1	-1	1	0	-1	0
792	2020	-1	-1	-1	1	1	1	-1	NA	NA	NA	1	1	0	0	0	0	0	0	0
793	2020	-1	-1	-1	-1	1	1	1	-1	-1	-1	1	1	-1	-1	0	0	-1	-1	-1
794	2020	-1	-1	-1	-1	0	-1	1	-1	-1	-1	1	1	-1	1	-1	1	-1	-1	-1
795	2020	-1	-1	-1	1	1	0	1	-1	-1	NA	1	1	-1	-1	-1	1	-1	-1	0
796	2020	-1	-1	-1	-1	1	1	1	-1	-1	-1	1	-1	-1	1	-1	1	-1	-1	-1
797	2020	-1	-1	-1	1	1	1	1	-1	-1	-1	1	-1	-1	1	-1	1	0	-1	1
798	2020	-1	-1	0	1	0	1	0	-1	-1	-1	1	0	-1	0	-1	1	0	-1	-1
799	2020	-1	-1	-1	0	-1	1	1	-1	-1	-1	1	1	-1	1	-1	1	-1	-1	-1
800	2020	-1	-1	-1	1	1	0	1	-1	1	1	1	1	-1	1	-1	1	-1	-1	-1
801	2020	-1	-1	-1	0	1	1	1	-1	-1	1	1	0	-1	1	-1	1	0	-1	0
802	2020	0	-1	-1	1	0	0	0	-1	-1	-1	1	-1	-1	1	-1	-1	1	1	-1
803	2020	1	-1	-1	1	-1	1	-1	-1	-1	0	1	1	-1	0	0	1	0	0	0
804	2020	-1	-1	-1	0	1	1	1	-1	-1	-1	1	-1	-1	1	-1	1	-1	-1	0
805	2020	-1	-1	-1	-1	1	1	1	0	1	1	1	1	-1	0	-1	1	0	-1	1
806	2020	0	-1	-1	1	1	0	0	-1	1	-1	1	1	-1	1	0	1	0	-1	0
807	2020	1	-1	-1	1	0	0	-1	1	-1	-1	1	1	-1	1	0	1	1	-1	1
808	2020	-1	-1	-1	1	1	NA	1	0	-1	-1	1	-1	-1	1	-1	1	-1	-1	0
809	2020	0	-1	-1	1	0	0	0	-1	0	-1	1	-1	0	1	1	1	-1	-1	1
810	2020	0	0	0	1	1	1	1	-1	-1	-1	1	1	-1	1	-1	1	0	0	-1
811	2020	1	-1	-1	1	1	1	-1	-1	0	0	0	0	-1	-1	-1	1	0	0	-1
812	2020	0	-1	-1	-1	0	0	0	-1	0	0	1	0	-1	1	0	1	0	0	0
813	2020	0	-1	-1	1	1	1	0	-1	0	-1	1	-1	0	1	-1	0	-1	-1	1
814	2020	1	0	0	1	0	1	-1	1	-1	-1	1	1	-1	1	0	1	1	-1	1
815	2020	1	-1	-1	1	0	-1	0	-1	-1	-1	1	0	-1	1	0	1	0	-1	-1
816	2020	-1	-1	-1	-1	0	1	1	-1	-1	-1	1	1	-1	1	0	1	-1	-1	1
817	2020	1	-1	-1	1	1	0	-1	NA	NA	NA	1	0	0	1	0	0	0	0	1
818	2020	1	NA	NA	1	NA	NA	NA	-1	NA	NA	1	0	0	1	0	1	0	0	0
819	2020	NA	NA	NA	1	NA	NA	NA	-1	-1	-1	1	-1	1	1	-1	0	0	-1	0
820	2020	0	-1	-1	1	-1	1	-1	-1	-1	-1	1	0	-1	1	-1	1	0	-1	-1
821	2020	-1	-1	-1	1	1	1	1	-1	1	-1	1	-1	-1	1	-1	0	-1	0	0
822	2020	1	1	-1	1	-1	1	-1	-1	-1	-1	1	1	-1	1	-1	1	1	-1	1
823	2020	-1	-1	-1	1	1	-1	1	NA	NA	NA	NA	0	0	0	0	0	0	0	0
824	2020	NA	NA	NA	1	NA	NA	NA	-1	-1	-1	1	1	-1	-1	-1	1	-1	-1	-1
825	2020	-1	-1	-1	-1	1	1	1	-1	-1	-1	1	-1	0	0	0	1	0	0	0
826	2020	1	0	0	1	-1	1	-1	-1	0	1	1	1	-1	1	-1	1	-1	-1	-1
827	2020	-1	-1	0	1	1	1	1	-1	-1	0	1	0	-1	0	-1	1	0	-1	0
828	2020	-1	-1	0	1	0	0	0	-1	-1	-1	1	0	-1	1	-1	1	-1	-1	-1
829	2020	-1	-1	-1	0	0	0	0	1	-1	1	1	1	-1	1	0	1	1	0	1
830	2020	0	NA	NA	0	NA	NA	NA	1	-1	-1	-1	1	-1	-1	-1	1	-1	-1	1
831	2020	-1	-1	-1	1	1	0	1	0	-1	1	0	1	-1	0	-1	1	-1	-1	-1
832	2020	-1	-1	-1	-1	1	-1	1	-1	-1	-1	1	1	-1	0	0	0	0	0	1
833	2020	-1	-1	-1	0	1	0	1	-1	0	0	1	-1	-1	1	0	1	0	0	0
834	2020	-1	-1	-1	0	0	1	1	-1	0	0	1	0	-1	1	-1	0	-1	-1	0
835	2020	-1	-1	-1	1	0	1	0	-1	-1	-1	1	0	-1	0	-1	1	0	0	0
836	2020	0	-1	-1	0	1	1	0	-1	0	1	1	1	-1	1	0	1	-1	0	-1
837	2020	-1	-1	-1	1	0	1	0	-1	0	0	1	1	-1	1	0	1	0	-1	-1
838	2020	0	-1	-1	1	0	1	0	-1	-1	-1	1	1	-1	1	0	1	0	-1	1
839	2020	0	-1	-1	1	0	0	1	-1	-1	-1	1	1	-1	-1	-1	-1	-1	-1	-1
840	2020	-1	-1	-1	-1	1	1	1	-1	-1	-1	1	1	-1	0	-1	1	-1	-1	1
841	2020	-1	-1	-1	-1	1	1	1	NA	NA	NA	1	1	-1	-1	-1	1	-1	-1	1
842	2020	-1	-1	-1	-1	1	1	1	-1	-1	-1	1	-1	-1	1	-1	0	-1	-1	0
843	2020	0	-1	-1	1	1	1	-1	-1	-1	-1	1	1	-1	-1	-1	-1	-1	-1	-1
844	2020	-1	-1	-1	1	1	0	0	-1	-1	-1	1	-1	0	1	0	1	-1	-1	-1
845	2020	1	-1	0	1	-1	1	0	-1	-1	-1	1	0	-1	1	-1	1	-1	-1	-1
846	2020	-1	-1	-1	1	-1	1	-1	-1	-1	-1	1	1	-1	1	1	1	0	-1	1
847	2020	-1	-1	-1	1	1	1	0	-1	-1	-1	1	0	0	1	0	0	0	0	0
848	2020	1	-1	-1	1	-1	1	0	-1	-1	-1	1	-1	-1	1	-1	-1	-1	-1	-1
849	2020	-1	-1	-1	1	1	1	-1	-1	-1	-1	1	1	-1	-1	-1	1	-1	-1	-1
850	2020	-1	-1	-1	-1	1	0	1	-1	0	1	1	1	-1	1	1	1	-1	-1	1
851	2020	0	-1	-1	0	1	1	0	-1	-1	-1	1	-1	-1	1	0	1	-1	-1	0
852	2020	0	-1	-1	-1	0	1	1	-1	-1	-1	1	1	-1	1	-1	1	1	0	0
853	2020	-1	-1	-1	-1	1	1	1	-1	0	0	1	1	-1	1	0	1	0	-1	0
854	2020	-1	-1	-1	-1	0	0	1	-1	-1	-1	1	-1	-1	1	-1	1	-1	-1	-1
855	2020	-1	-1	-1	1	0	1	1	NA	NA	NA	1	0	0	0	0	0	0	0	0
856	2020	-1	-1	-1	-1	1	1	1	-1	-1	-1	1	1	0	0	0	1	0	0	0
857	2020	-1	-1	-1	-1	1	1	1	NA	NA	NA	NA	1	-1	1	-1	1	0	-1	1
858	2020	1	-1	-1	1	-1	1	-1	-1	0	1	-1	1	-1	1	-1	1	1	-1	1
859	2020	-1	-1	-1	1	1	1	1	NA	NA	1	NA	1	-1	1	-1	0	-1	-1	-1
860	2020	NA	NA	NA	1	NA	NA	NA	-1	-1	1	-1	0	0	1	0	1	0	0	0
861	2020	-1	-1	-1	1	1	1	1	0	0	-1	1	-1	0	-1	-1	-1	-1	-1	0
862	2020	-1	-1	-1	1	1	1	1	-1	0	0	1	1	-1	0	-1	1	0	-1	-1
863	2020	-1	-1	-1	1	1	1	1	-1	0	-1	1	1	0	1	-1	1	1	0	0
864	2020	1	-1	-1	1	0	1	-1	-1	-1	-1	1	-1	-1	1	0	1	-1	-1	-1
865	2020	-1	-1	-1	1	-1	1	-1	-1	-1	-1	1	-1	-1	1	-1	1	-1	-1	-1
866	2020	-1	-1	-1	0	1	1	1	-1	0	-1	1	1	-1	-1	0	1	-1	-1	0
867	2020	-1	-1	-1	1	-1	1	-1	-1	-1	-1	1	-1	-1	1	-1	1	-1	-1	1
868	2020	-1	-1	-1	-1	1	0	1	-1	-1	-1	1	1	0	0	0	1	1	0	0
869	2020	-1	-1	-1	1	-1	-1	-1	-1	-1	-1	1	1	-1	0	-1	1	0	-1	-1
870	2020	-1	-1	-1	1	1	1	1	-1	0	1	0	1	-1	1	-1	0	0	-1	0
871	2020	-1	-1	-1	0	1	1	1	-1	1	1	-1	0	-1	1	-1	0	0	-1	0
872	2020	-1	-1	-1	-1	1	1	1	-1	-1	1	1	1	-1	0	-1	1	0	-1	-1
873	2020	-1	-1	-1	1	1	1	1	-1	-1	-1	1	1	-1	1	-1	1	1	-1	-1
874	2020	-1	-1	-1	1	1	1	-1	-1	1	1	1	-1	-1	1	1	1	-1	-1	-1
875	2020	1	-1	-1	1	0	1	1	-1	-1	-1	1	1	-1	-1	-1	-1	-1	-1	-1
876	2020	-1	-1	-1	-1	1	1	1	-1	1	-1	1	1	-1	-1	-1	-1	-1	-1	-1
877	2020	1	-1	-1	-1	-1	-1	-1	-1	0	1	0	0	-1	1	-1	1	-1	-1	1
878	2020	-1	-1	-1	1	1	1	1	-1	-1	1	1	1	-1	1	-1	1	-1	-1	0
879	2020	1	-1	1	-1	1	-1	-1	-1	-1	-1	1	1	-1	1	1	1	-1	-1	-1
880	2020	-1	-1	-1	1	1	1	1	-1	1	-1	1	1	-1	1	-1	1	1	-1	-1
881	2020	-1	-1	-1	1	-1	0	0	-1	-1	-1	1	-1	-1	1	0	0	0	0	1
882	2020	1	-1	-1	1	-1	1	0	-1	1	1	-1	1	-1	1	0	1	1	-1	0
883	2020	-1	-1	-1	-1	0	1	1	-1	1	-1	1	1	-1	-1	-1	1	-1	-1	0
884	2020	1	-1	-1	0	1	0	1	-1	-1	1	1	1	-1	-1	-1	1	-1	-1	-1
885	2020	-1	-1	-1	1	1	1	1	-1	-1	1	1	1	-1	1	0	1	-1	-1	-1
886	2020	1	-1	-1	1	-1	1	-1	-1	-1	1	1	-1	-1	1	-1	-1	-1	-1	-1
887	2020	-1	-1	-1	-1	1	1	-1	-1	-1	1	1	1	-1	1	-1	-1	-1	-1	-1
888	2010	-1	-1	-1	-1	1	1	1	-1	-1	-1	1	1	-1	-1	-1	1	-1	-1	-1
889	2010	-1	-1	-1	-1	-1	0	1	-1	-1	1	1	-1	-1	1	-1	1	1	-1	1
890	2010	1	-1	-1	1	-1	1	-1	-1	-1	-1	1	-1	-1	1	-1	0	-1	-1	1
891	2010	-1	-1	-1	NA	NA	1	0	-1	1	1	1	0	-1	1	-1	1	-1	-1	0
892	2010	0	0	0	1	0	1	0	-1	0	0	1	1	-1	1	-1	1	-1	0	-1
893	2010	-1	-1	-1	0	1	1	1	-1	-1	-1	1	-1	-1	1	-1	-1	-1	-1	-1
894	2010	1	-1	-1	1	1	1	0	-1	0	0	1	-1	-1	1	0	1	-1	-1	-1
895	2010	1	0	0	1	-1	0	-1	-1	1	1	1	0	-1	0	0	0	0	-1	0
896	2010	-1	-1	-1	1	1	1	1	-1	-1	-1	1	1	-1	1	-1	1	-1	-1	-1
897	2010	-1	-1	-1	1	-1	0	0	-1	0	0	1	1	-1	1	0	1	-1	-1	-1
898	2010	0	-1	-1	-1	1	1	1	-1	-1	-1	1	1	-1	1	-1	1	-1	-1	0
899	2010	-1	-1	-1	-1	-1	0	0	-1	0	0	1	0	-1	0	0	1	0	-1	0
900	2010	0	0	0	-1	-1	-1	-1	1	1	-1	1	-1	-1	-1	-1	-1	-1	1	-1
901	2010	NA	NA	NA	NA	NA	NA	NA	NA	NA	NA	NA	0	0	0	0	0	0	0	0
902	2010	NA	NA	NA	NA	1	NA	1	NA	NA	1	NA	1	0	0	0	0	0	0	1
903	2010	NA	NA	NA	NA	NA	NA	NA	NA	NA	NA	NA	0	0	0	0	0	0	0	0
904	2010	-1	-1	-1	1	1	1	1	1	-1	1	1	1	-1	1	0	1	0	-1	-1
905	2010	-1	0	1	1	1	1	1	-1	1	0	1	1	-1	0	0	1	-1	0	0
906	2010	-1	-1	-1	-1	1	1	1	-1	-1	-1	1	-1	-1	1	-1	1	-1	-1	-1
907	2010	-1	-1	-1	1	-1	1	-1	-1	-1	-1	1	-1	-1	1	-1	0	-1	-1	0
908	2010	-1	NA	NA	NA	1	NA	1	NA	NA	NA	NA	1	0	0	0	0	0	0	0
909	2010	NA	NA	NA	1	NA	1	NA	NA	NA	NA	1	0	0	1	0	0	0	0	0
910	2010	-1	-1	-1	1	1	1	1	-1	-1	-1	1	-1	-1	1	0	1	-1	-1	1
911	2010	-1	-1	-1	-1	NA	NA	NA	-1	-1	-1	-1	1	0	0	0	0	0	0	0
912	2010	-1	-1	-1	1	0	1	-1	-1	-1	-1	1	-1	-1	1	-1	1	-1	-1	-1
913	2010	1	-1	-1	1	1	1	-1	-1	-1	-1	1	-1	-1	1	-1	0	1	-1	1
914	2010	0	-1	-1	1	0	1	0	1	-1	0	1	0	-1	1	0	1	0	-1	1
915	2010	1	-1	-1	1	0	1	0	-1	-1	-1	1	-1	-1	1	-1	1	1	0	1
916	2010	1	-1	-1	1	-1	1	-1	-1	-1	-1	1	-1	-1	1	1	1	-1	0	0
917	2010	1	-1	-1	1	-1	0	-1	-1	-1	-1	1	-1	-1	1	-1	1	-1	-1	1
918	2010	NA	NA	NA	1	NA	NA	NA	-1	-1	0	1	-1	-1	1	-1	1	1	-1	-1
919	2010	1	-1	-1	1	1	1	-1	1	1	1	1	1	-1	1	-1	1	1	-1	1
920	2010	1	-1	-1	1	0	1	1	1	-1	0	1	-1	-1	1	0	1	1	-1	1
921	2010	0	1	1	0	1	1	0	-1	1	-1	1	1	-1	0	0	0	0	0	0
922	2010	-1	-1	-1	-1	1	1	1	-1	-1	-1	1	1	-1	1	-1	1	-1	-1	-1
923	2010	-1	-1	-1	-1	1	1	1	-1	-1	-1	1	1	-1	-1	-1	1	-1	-1	-1
924	2010	NA	NA	NA	NA	1	1	-1	-1	-1	-1	1	-1	-1	1	-1	1	0	-1	-1
925	2010	0	-1	-1	1	1	-1	0	0	-1	-1	1	-1	0	1	-1	1	-1	-1	1
926	2010	-1	-1	-1	0	1	1	0	-1	-1	0	1	1	-1	0	-1	-1	-1	-1	0
927	2010	-1	-1	-1	0	-1	1	1	-1	0	1	1	1	-1	1	-1	1	0	0	0
928	2010	-1	-1	-1	-1	1	1	1	-1	-1	-1	1	1	-1	-1	-1	0	0	-1	1
929	2010	0	-1	-1	1	0	1	0	-1	-1	-1	1	0	-1	1	-1	1	0	0	0
930	2010	-1	-1	-1	-1	1	1	1	-1	-1	-1	1	1	-1	-1	-1	1	-1	-1	-1
931	2010	-1	-1	-1	-1	1	0	1	-1	-1	-1	1	1	-1	0	-1	1	-1	-1	-1
932	2010	0	-1	-1	1	1	1	1	-1	-1	-1	1	1	-1	1	-1	1	0	-1	0
933	2010	-1	-1	-1	-1	1	1	1	NA	NA	NA	NA	1	-1	1	0	0	0	0	0
934	2010	-1	-1	-1	1	1	1	1	-1	-1	1	1	1	-1	-1	-1	1	1	-1	0
935	2010	-1	-1	-1	-1	1	1	1	-1	-1	-1	1	1	-1	1	-1	1	-1	-1	-1
936	2010	-1	-1	-1	-1	1	1	1	-1	-1	0	1	1	-1	-1	-1	1	1	-1	1
937	2010	-1	-1	-1	1	1	1	1	-1	1	1	1	1	-1	-1	-1	1	-1	-1	-1
938	2010	-1	-1	-1	-1	1	1	1	-1	NA	NA	1	1	-1	0	0	1	1	-1	1
939	2010	-1	-1	-1	0	1	1	1	-1	-1	-1	1	0	-1	1	-1	0	-1	0	0
940	2010	0	-1	-1	1	1	1	0	-1	-1	-1	1	-1	-1	0	0	1	0	0	0
941	2010	-1	-1	-1	-1	1	1	1	-1	1	1	1	1	-1	0	-1	1	0	-1	-1
942	2010	-1	-1	-1	1	NA	1	1	-1	0	0	1	1	-1	1	0	0	0	0	0
943	2010	-1	-1	-1	0	1	1	0	-1	-1	-1	1	1	-1	0	-1	1	0	-1	-1
944	2010	0	-1	-1	1	1	1	0	-1	-1	-1	1	-1	-1	1	-1	0	-1	-1	-1
945	2010	1	-1	-1	1	-1	-1	-1	-1	-1	-1	1	-1	-1	1	1	1	-1	-1	-1
946	2010	-1	-1	-1	1	-1	0	1	-1	-1	-1	1	-1	-1	-1	-1	1	0	-1	-1
947	2010	-1	-1	-1	-1	1	1	1	-1	-1	-1	1	1	-1	1	-1	1	-1	-1	-1
948	2010	-1	-1	-1	-1	1	0	0	-1	-1	-1	1	1	-1	-1	-1	1	-1	-1	-1
949	2010	NA	-1	-1	1	1	1	NA	-1	-1	-1	1	1	-1	0	-1	1	0	-1	-1
950	2010	-1	-1	NA	1	0	1	1	-1	1	1	1	1	-1	1	0	1	0	-1	0
951	2010	-1	-1	-1	1	1	1	-1	-1	-1	-1	1	1	-1	-1	-1	1	0	0	0
952	2010	1	1	0	1	-1	0	-1	-1	0	0	1	-1	0	1	0	1	0	-1	1
953	2010	0	-1	-1	-1	1	1	1	-1	-1	-1	1	1	-1	1	-1	1	-1	-1	0
954	2010	-1	-1	-1	1	0	1	1	-1	-1	0	0	1	-1	1	-1	0	-1	-1	-1
955	2010	-1	-1	-1	-1	1	1	1	-1	-1	-1	1	1	-1	-1	1	1	-1	-1	-1
956	2010	-1	-1	-1	-1	1	1	0	-1	1	1	1	1	-1	-1	-1	1	-1	-1	-1
957	2010	1	-1	-1	1	-1	1	1	-1	-1	-1	1	-1	-1	1	-1	0	-1	-1	-1
958	2010	-1	0	0	0	1	1	1	0	0	0	1	1	0	1	0	1	-1	-1	0
959	2010	-1	-1	-1	1	1	1	1	-1	1	1	1	-1	-1	1	0	1	-1	-1	-1
960	2010	-1	-1	-1	1	-1	1	-1	-1	-1	-1	1	-1	-1	1	-1	1	-1	-1	1
961	2010	NA	NA	NA	NA	NA	NA	NA	-1	-1	-1	1	1	-1	1	-1	1	1	-1	1
962	2010	1	-1	-1	1	1	-1	0	-1	-1	1	1	1	-1	1	0	0	-1	-1	1
963	2010	-1	-1	-1	0	-1	1	1	-1	-1	-1	1	-1	-1	1	0	1	0	-1	-1
964	2010	1	-1	-1	1	1	0	-1	-1	-1	0	1	1	-1	1	-1	0	0	0	0
965	2010	1	-1	-1	1	1	1	-1	-1	1	0	1	-1	-1	1	1	1	-1	-1	0
966	2010	1	-1	-1	1	NA	NA	NA	-1	-1	1	1	1	0	1	-1	0	0	0	0
967	2010	-1	-1	-1	-1	1	1	1	NA	NA	NA	1	1	0	0	0	0	0	0	0
968	2010	NA	NA	NA	1	NA	NA	NA	-1	NA	NA	1	0	0	1	0	1	0	0	0
969	2010	1	-1	-1	1	-1	-1	-1	-1	-1	-1	1	-1	-1	1	0	1	0	-1	1
970	2010	-1	-1	-1	0	1	1	1	-1	1	1	1	-1	-1	1	-1	0	-1	-1	-1
971	2010	-1	-1	-1	-1	1	1	-1	-1	-1	-1	1	1	-1	-1	-1	1	-1	-1	-1
972	2010	-1	-1	-1	-1	1	-1	1	-1	1	0	1	-1	-1	1	-1	1	-1	-1	1
973	2010	1	-1	-1	1	1	1	0	-1	-1	0	1	1	-1	0	-1	1	-1	-1	-1
974	2010	-1	-1	-1	0	1	1	1	-1	-1	-1	1	1	-1	1	-1	1	0	-1	-1
975	2010	-1	-1	-1	-1	-1	1	1	-1	-1	-1	1	1	-1	-1	-1	0	-1	-1	-1
976	2010	-1	-1	-1	-1	1	1	1	NA	NA	NA	1	0	0	1	0	0	0	0	0
977	2010	-1	-1	-1	1	1	1	0	-1	1	1	-1	0	-1	1	-1	1	0	-1	-1
978	2010	1	-1	-1	1	1	1	-1	0	1	1	0	1	-1	-1	-1	0	-1	-1	-1
979	2010	-1	-1	-1	-1	1	1	1	-1	-1	-1	1	1	-1	-1	-1	1	-1	-1	-1
980	2010	-1	-1	-1	-1	1	1	1	NA	NA	NA	1	1	0	0	0	0	0	0	0
981	2010	NA	NA	NA	NA	NA	NA	NA	-1	-1	-1	1	1	-1	-1	-1	1	1	-1	1
982	2010	-1	-1	-1	-1	1	1	1	-1	-1	-1	1	-1	-1	1	0	1	-1	-1	1
983	2010	1	-1	-1	1	1	1	-1	-1	-1	1	1	1	-1	-1	-1	1	-1	-1	-1
984	2010	-1	-1	1	-1	1	-1	-1	-1	-1	-1	1	-1	-1	-1	-1	1	-1	-1	1
985	2010	-1	-1	-1	-1	1	1	1	-1	0	1	1	1	-1	1	-1	1	0	-1	1
986	2010	-1	-1	-1	1	0	-1	-1	-1	1	1	1	0	-1	1	0	1	1	-1	-1
987	2010	-1	-1	-1	-1	1	1	1	-1	-1	-1	1	-1	-1	1	0	1	1	-1	1
988	2010	1	0	0	1	-1	1	-1	-1	NA	-1	1	0	0	0	0	0	0	0	0
989	2010	1	0	0	1	1	1	1	NA	NA	NA	NA	0	-1	-1	-1	1	-1	-1	-1
990	2010	-1	-1	-1	-1	1	1	1	-1	-1	1	0	1	-1	0	1	1	-1	-1	1
991	2010	-1	-1	-1	0	-1	1	0	-1	-1	-1	1	-1	0	1	0	0	-1	-1	-1
992	2010	1	1	0	1	-1	0	-1	-1	-1	-1	1	1	-1	1	-1	1	0	-1	-1
993	2010	-1	-1	-1	-1	1	1	1	-1	-1	-1	1	1	-1	0	-1	0	-1	-1	-1
994	2010	-1	-1	-1	1	1	1	-1	-1	1	1	-1	-1	1	-1	-1	1	-1	-1	0
995	2010	-1	-1	0	1	0	0	1	-1	-1	-1	1	0	-1	1	-1	1	-1	-1	-1
996	2010	-1	-1	-1	1	-1	1	1	-1	-1	-1	1	1	-1	0	-1	1	-1	-1	-1
997	2010	1	-1	-1	0	-1	-1	1	-1	-1	-1	1	-1	-1	1	-1	1	0	1	0
998	2010	-1	-1	-1	1	-1	0	1	-1	-1	-1	1	-1	-1	1	-1	-1	-1	-1	-1
999	2010	1	-1	-1	1	-1	0	-1	-1	-1	-1	1	1	-1	0	0	-1	-1	-1	-1
1000	2010	-1	-1	-1	-1	1	1	1	-1	-1	-1	1	1	-1	-1	-1	1	-1	-1	-1
1001	2010	-1	-1	-1	-1	1	1	0	-1	-1	-1	1	1	-1	1	-1	-1	-1	-1	-1
1002	2010	-1	-1	-1	-1	1	1	0	-1	-1	-1	1	0	1	0	-1	1	0	1	-1
1003	2010	1	-1	-1	1	-1	0	1	1	-1	-1	1	1	-1	1	-1	1	1	-1	1
1004	2010	-1	-1	-1	1	0	1	1	0	-1	1	1	1	1	1	1	1	1	1	1
1005	2010	-1	-1	1	1	-1	1	1	-1	-1	0	1	1	-1	1	-1	1	0	-1	-1
1006	2010	1	-1	-1	1	0	0	0	-1	-1	0	1	1	-1	1	-1	1	0	-1	-1
1007	2010	-1	-1	-1	1	0	NA	-1	-1	-1	-1	1	1	-1	0	0	0	-1	-1	1
1008	2010	0	0	0	0	0	0	0	0	-1	-1	1	-1	-1	1	-1	1	-1	-1	0
1009	2010	-1	-1	-1	1	0	1	-1	-1	-1	0	1	1	-1	0	0	1	1	-1	-1
1010	2010	1	-1	-1	1	0	0	-1	-1	-1	-1	1	1	-1	1	-1	1	0	-1	1
1011	2010	1	-1	-1	1	0	0	0	1	-1	1	1	1	-1	-1	-1	1	0	-1	1
1012	2010	1	-1	-1	1	1	0	-1	0	0	0	0	0	-1	0	0	0	0	0	0
1013	2010	-1	-1	-1	1	-1	0	-1	0	0	0	0	1	-1	1	1	1	-1	-1	-1
1014	2010	-1	-1	-1	1	1	-1	0	-1	-1	-1	1	-1	-1	-1	-1	1	-1	-1	1
1015	2010	-1	-1	-1	1	1	1	1	1	0	0	1	-1	-1	1	1	1	0	1	1
1016	2010	1	0	1	1	-1	0	-1	-1	0	0	1	-1	0	1	0	1	-1	-1	1
1017	2010	1	0	0	1	-1	-1	-1	-1	NA	NA	1	1	0	1	0	1	0	0	0
1018	2010	-1	NA	NA	NA	NA	NA	NA	-1	-1	-1	1	-1	-1	1	-1	1	1	-1	1
1019	2010	1	-1	-1	1	0	1	-1	-1	-1	-1	1	-1	-1	1	0	1	-1	-1	1
1020	2010	1	-1	-1	1	0	0	1	-1	1	0	1	-1	-1	1	1	1	-1	-1	0
1021	2010	1	-1	-1	1	NA	NA	NA	-1	-1	0	1	1	-1	0	-1	0	-1	-1	-1
1022	2010	0	-1	-1	-1	0	1	1	-1	1	1	1	1	-1	-1	-1	1	-1	-1	-1
1023	2010	-1	-1	-1	-1	1	1	1	-1	1	1	1	1	-1	1	-1	0	-1	-1	-1
1024	2010	-1	-1	-1	-1	1	1	1	-1	-1	-1	1	1	-1	1	-1	1	-1	-1	1
1025	2010	1	-1	-1	1	1	1	-1	-1	-1	-1	1	1	-1	1	-1	1	-1	-1	1
1026	2010	1	-1	-1	1	1	1	1	-1	0	1	1	1	0	0	0	0	0	0	0
1027	2010	0	-1	-1	0	1	1	NA	-1	-1	0	1	1	-1	1	-1	1	1	-1	1
1028	2010	NA	-1	1	1	1	1	-1	-1	-1	0	1	-1	-1	0	0	0	-1	-1	-1
1029	2010	-1	-1	0	0	1	1	1	-1	-1	-1	1	1	-1	1	0	1	1	-1	1
1030	2010	1	1	1	1	-1	1	-1	-1	-1	1	1	1	-1	1	-1	0	1	0	0
1031	2010	1	-1	-1	1	1	1	-1	1	-1	-1	-1	-1	-1	-1	-1	1	1	-1	-1
1032	2010	-1	-1	-1	-1	-1	-1	1	-1	-1	-1	1	1	-1	-1	-1	1	-1	-1	0
1033	2010	-1	-1	-1	0	1	1	1	NA	NA	NA	1	0	0	1	0	0	0	1	0
1034	2010	1	NA	NA	1	NA	NA	NA	-1	-1	-1	1	-1	-1	1	-1	1	-1	-1	1
1035	2010	1	-1	-1	1	-1	1	-1	NA	NA	NA	1	0	0	1	0	1	0	0	1
1036	2010	NA	NA	NA	1	NA	NA	NA	-1	0	1	1	1	-1	0	-1	0	0	-1	1
1037	2010	1	-1	-1	1	0	-1	-1	-1	-1	-1	1	0	-1	1	-1	1	-1	-1	-1
1038	2010	-1	-1	-1	1	1	1	1	-1	-1	-1	1	-1	-1	1	-1	0	-1	-1	-1
1039	2010	1	-1	-1	1	-1	-1	-1	-1	-1	1	0	1	-1	0	-1	1	-1	-1	1
1040	2010	-1	-1	-1	-1	1	1	1	-1	1	1	1	1	-1	1	-1	1	-1	-1	1
1041	2010	1	-1	-1	1	0	1	0	-1	1	1	1	-1	-1	1	-1	1	-1	1	-1
1042	2010	1	-1	-1	1	NA	1	-1	-1	1	-1	1	-1	-1	1	-1	1	-1	-1	1
1043	2010	-1	-1	-1	1	1	1	-1	-1	-1	-1	-1	1	-1	0	-1	0	-1	0	-1
1044	2010	1	0	0	-1	-1	0	-1	NA	NA	NA	-1	0	0	-1	0	0	0	0	0
1045	2010	-1	NA	NA	NA	NA	NA	NA	-1	-1	-1	1	1	-1	1	-1	1	0	-1	1
1046	2010	-1	-1	-1	-1	1	1	1	-1	-1	-1	1	-1	-1	1	-1	1	-1	-1	-1
1047	2010	1	-1	-1	-1	1	1	-1	-1	1	1	1	-1	-1	1	-1	1	-1	1	-1
1048	2010	1	-1	-1	1	NA	1	-1	-1	1	1	1	-1	-1	1	1	1	0	-1	-1
1049	2010	-1	-1	-1	1	0	1	-1	NA	NA	NA	1	0	0	0	0	0	0	0	0
1050	2010	1	NA	NA	NA	NA	NA	NA	-1	-1	-1	1	1	-1	0	-1	0	0	-1	0
1051	2010	-1	-1	-1	0	1	0	1	-1	-1	-1	1	0	0	0	0	0	0	0	0
1052	2010	0	0	0	0	0	0	0	-1	0	0	1	1	-1	1	-1	1	-1	-1	-1
1053	2010	-1	-1	-1	-1	1	1	1	-1	-1	0	1	0	-1	0	-1	1	0	-1	1
1054	2010	-1	-1	-1	0	1	0	1	-1	-1	-1	1	1	-1	-1	-1	1	0	0	0
1055	2010	-1	-1	-1	0	1	1	1	-1	-1	-1	1	-1	-1	1	-1	1	-1	-1	-1
1056	2010	-1	-1	-1	1	1	1	-1	-1	-1	-1	1	1	-1	-1	-1	1	1	-1	-1
1057	2010	-1	-1	-1	-1	1	1	1	NA	NA	NA	1	1	0	0	0	0	0	0	0
1058	2010	NA	NA	NA	NA	NA	1	NA	-1	-1	-1	1	-1	-1	1	-1	1	-1	-1	-1
1059	2010	-1	-1	-1	1	1	1	0	-1	-1	-1	1	1	-1	1	-1	1	1	-1	1
1060	2010	-1	-1	-1	1	1	1	1	-1	1	1	1	-1	-1	1	1	1	-1	1	-1
1061	2010	1	1	1	-1	-1	-1	-1	-1	1	1	1	0	1	0	1	1	-1	1	0
1062	2010	0	-1	-1	1	1	1	-1	-1	1	1	1	-1	-1	1	1	1	-1	1	0
1063	2010	1	0	0	1	1	1	0	0	-1	NA	NA	1	0	0	1	1	0	0	0
1064	2010	1	0	0	1	1	1	1	-1	1	1	1	-1	-1	1	1	1	-1	1	-1
1065	2010	1	-1	-1	1	0	1	-1	-1	-1	1	1	-1	-1	1	1	1	-1	0	0
1066	2010	1	1	1	1	1	-1	1	-1	-1	0	1	-1	-1	1	1	0	-1	0	0
1067	2010	-1	-1	-1	-1	1	1	1	-1	0	1	1	1	-1	1	-1	1	-1	-1	-1
1068	2010	-1	-1	-1	1	1	1	0	-1	-1	-1	1	-1	-1	1	-1	1	-1	-1	-1
1069	2010	1	-1	-1	1	1	1	-1	NA	NA	NA	1	0	1	0	0	0	0	0	0
1070	2010	NA	NA	NA	1	NA	NA	NA	-1	-1	-1	1	0	-1	0	-1	1	1	-1	0
1071	2010	-1	-1	-1	-1	1	1	1	-1	-1	-1	1	1	-1	1	-1	1	-1	-1	0
1072	2010	-1	-1	-1	1	1	-1	1	NA	-1	NA	1	0	0	1	0	0	1	-1	1
1073	2010	0	-1	1	1	NA	NA	NA	NA	NA	NA	-1	0	-1	1	-1	0	0	0	0
1074	2010	-1	1	NA	1	-1	-1	-1	0	0	0	1	-1	0	0	0	1	0	-1	1
1075	2010	1	-1	-1	1	-1	1	1	-1	-1	1	1	1	-1	1	-1	1	-1	-1	-1
1076	2010	-1	1	1	1	1	-1	-1	NA	NA	NA	NA	0	0	0	0	0	0	0	0
1077	2010	NA	NA	NA	NA	NA	NA	NA	-1	NA	-1	1	-1	1	-1	1	1	0	-1	0
1078	2010	0	NA	-1	1	1	1	-1	-1	NA	NA	1	0	0	1	1	0	0	0	0
1079	2010	1	NA	NA	1	NA	1	NA	-1	-1	-1	1	-1	-1	1	-1	1	0	-1	0
1080	2010	1	-1	-1	1	1	1	-1	-1	-1	-1	1	1	-1	1	-1	1	-1	-1	0
1081	2010	-1	-1	-1	-1	1	1	1	-1	-1	1	1	1	-1	-1	-1	1	-1	-1	-1
1082	2010	-1	-1	-1	-1	1	1	1	NA	NA	NA	1	0	0	1	0	0	0	0	1
1083	2010	NA	NA	NA	NA	1	NA	NA	-1	1	-1	1	1	-1	0	-1	1	-1	1	0
1084	2010	-1	-1	-1	1	1	1	-1	-1	1	1	1	1	-1	1	0	1	0	-1	-1
1085	2010	1	0	0	1	1	1	-1	NA	NA	NA	1	1	0	0	0	0	0	0	0
1086	2010	0	0	0	0	0	0	0	0	0	1	1	1	-1	0	-1	1	0	-1	-1
1087	2010	-1	-1	-1	-1	1	1	1	-1	-1	0	1	0	-1	0	0	0	0	0	0
1088	2010	0	0	0	0	1	1	0	-1	-1	-1	1	1	-1	1	-1	1	-1	-1	-1
1089	2010	1	-1	-1	1	1	1	0	1	-1	1	1	0	0	0	-1	0	0	0	0
1090	2010	-1	-1	-1	1	1	1	1	-1	0	0	1	1	-1	0	1	1	0	1	0
1091	2010	0	1	0	1	0	0	0	-1	-1	-1	1	1	-1	1	0	1	-1	-1	-1
1092	2010	-1	-1	-1	1	1	1	1	-1	-1	-1	1	-1	-1	1	-1	-1	-1	-1	-1
1093	2010	-1	-1	-1	-1	0	0	1	-1	-1	-1	1	-1	-1	1	1	0	-1	-1	1
1094	2010	-1	-1	-1	1	1	1	1	NA	NA	NA	1	0	0	1	0	0	0	0	0
1095	2010	-1	-1	-1	1	1	1	1	NA	NA	NA	1	1	-1	1	-1	0	-1	-1	0
1096	2010	-1	-1	-1	0	1	1	1	NA	NA	NA	1	1	0	0	0	0	0	0	0
1097	2010	NA	NA	NA	NA	NA	1	NA	-1	-1	-1	1	-1	-1	1	-1	1	0	-1	0
1098	2010	-1	-1	-1	-1	0	1	1	-1	-1	-1	1	1	-1	1	-1	1	0	-1	0
1099	2010	1	-1	-1	1	1	0	-1	-1	-1	-1	1	-1	-1	1	-1	1	-1	-1	-1
1100	2010	-1	-1	-1	1	-1	1	0	-1	-1	-1	1	-1	-1	1	-1	0	0	-1	1
1101	2010	0	-1	-1	1	-1	1	0	NA	NA	NA	1	1	0	0	0	0	0	0	0
1102	2010	NA	NA	NA	1	NA	NA	NA	-1	1	1	1	-1	-1	1	-1	1	-1	-1	1
1103	2010	1	0	0	1	1	1	-1	-1	0	0	1	1	-1	1	-1	1	0	-1	1
1104	2010	-1	-1	-1	1	1	1	1	-1	-1	-1	1	-1	-1	1	-1	0	-1	-1	0
1105	2010	1	-1	-1	1	-1	1	-1	-1	-1	-1	-1	1	-1	1	0	1	-1	-1	0
1106	2010	-1	-1	-1	1	1	1	1	-1	-1	-1	1	1	-1	0	-1	1	-1	-1	-1
1107	2010	-1	-1	-1	0	1	1	1	-1	0	0	1	1	-1	-1	-1	1	-1	-1	-1
1108	2010	-1	-1	-1	-1	1	0	1	-1	-1	1	1	-1	-1	1	-1	1	-1	0	-1
1109	2010	1	-1	-1	1	1	-1	-1	-1	1	-1	1	-1	-1	1	0	1	-1	-1	1
1110	2010	1	-1	-1	1	0	-1	0	-1	-1	-1	1	1	-1	1	-1	0	-1	-1	0
1111	2010	-1	-1	-1	1	1	1	1	-1	-1	-1	1	1	-1	1	-1	1	0	0	0
1112	2010	-1	-1	-1	1	1	1	1	-1	-1	-1	1	-1	-1	1	-1	1	-1	-1	-1
1113	2010	-1	-1	-1	0	1	1	0	-1	-1	-1	1	-1	-1	1	0	1	-1	-1	1
1114	2010	-1	-1	-1	1	0	1	0	-1	1	1	1	0	-1	1	0	1	-1	0	1
1115	2010	1	-1	NA	1	-1	1	1	-1	-1	-1	1	-1	-1	1	0	1	-1	-1	1
1116	2010	-1	-1	-1	1	0	-1	1	-1	-1	-1	1	1	-1	0	0	1	-1	0	1
1117	2010	-1	-1	-1	1	1	1	1	-1	-1	-1	1	1	-1	1	1	1	-1	-1	-1
1118	2010	-1	-1	-1	1	1	1	1	NA	NA	NA	1	1	0	0	0	0	0	0	0
1119	2010	NA	NA	NA	NA	1	NA	1	-1	-1	-1	-1	1	-1	-1	-1	1	-1	-1	-1
1120	2010	-1	-1	-1	-1	1	1	1	-1	0	-1	1	1	-1	-1	-1	1	1	-1	0
1121	2010	-1	-1	-1	0	1	0	1	-1	-1	-1	1	-1	-1	1	-1	1	1	-1	1
1122	2010	1	-1	-1	1	1	1	-1	-1	1	1	1	0	1	1	1	1	-1	1	-1
1123	2010	1	0	1	1	1	1	-1	-1	0	0	1	1	-1	-1	-1	0	0	-1	0
1124	2010	1	-1	-1	1	0	1	0	-1	-1	-1	1	0	-1	0	-1	1	0	-1	-1
1125	2010	-1	-1	-1	1	0	1	1	-1	-1	-1	1	1	-1	0	-1	1	-1	1	0
1126	2010	-1	0	0	1	1	0	-1	-1	-1	-1	1	1	0	1	-1	-1	0	-1	1
1127	2010	-1	-1	-1	1	1	1	1	-1	-1	-1	1	0	-1	1	-1	1	-1	-1	-1
1128	2010	1	-1	-1	1	0	1	-1	-1	1	1	1	-1	-1	1	1	1	-1	-1	-1
1129	2010	-1	-1	-1	1	0	1	0	1	0	0	0	0	-1	1	-1	1	1	-1	1
1130	2010	-1	-1	-1	1	0	0	0	-1	1	0	1	1	-1	1	0	0	-1	-1	-1
1131	2010	1	0	-1	1	0	1	1	-1	-1	-1	1	-1	-1	1	0	1	-1	-1	-1
1132	2010	-1	-1	-1	1	1	1	-1	1	0	-1	1	1	-1	1	-1	1	-1	-1	0
1133	2010	-1	-1	-1	1	0	1	1	NA	NA	NA	1	0	0	1	0	0	0	0	0
1134	2010	NA	NA	NA	1	NA	NA	NA	-1	-1	-1	1	-1	-1	1	0	1	0	0	1
1135	2010	1	NA	NA	1	NA	NA	NA	NA	NA	1	NA	1	0	0	0	0	0	0	0
1136	2010	0	-1	-1	1	1	1	1	-1	-1	-1	1	1	-1	1	-1	1	-1	-1	-1
1137	2010	-1	-1	-1	1	1	1	1	NA	NA	NA	1	1	-1	-1	-1	0	0	-1	0
1138	2010	-1	-1	-1	-1	1	0	1	-1	-1	0	1	1	-1	-1	-1	-1	0	0	0
1139	2010	1	-1	-1	1	1	1	-1	NA	NA	NA	1	0	0	1	0	0	0	0	0
1140	2010	1	NA	NA	1	NA	NA	-1	-1	-1	-1	1	1	-1	0	0	1	0	-1	0
1141	2010	-1	-1	-1	0	1	0	1	-1	0	0	1	-1	0	1	-1	0	-1	-1	0
1142	2010	-1	0	-1	-1	-1	-1	-1	1	-1	-1	1	1	-1	-1	-1	1	-1	-1	0
1143	2010	-1	-1	-1	-1	1	1	1	-1	1	1	1	0	-1	1	-1	1	-1	0	1
1144	2010	1	-1	-1	1	-1	1	1	-1	-1	-1	1	1	-1	1	-1	1	0	-1	-1
1145	2010	-1	-1	-1	1	1	1	0	-1	1	-1	1	-1	-1	1	0	0	-1	-1	0
1146	2010	-1	-1	-1	1	1	0	1	-1	-1	-1	1	-1	-1	1	-1	1	-1	-1	1
1147	2010	1	-1	-1	1	-1	1	0	-1	-1	-1	1	1	-1	0	-1	1	1	-1	0
1148	2010	1	-1	-1	1	1	1	-1	-1	1	0	1	-1	0	1	0	0	-1	-1	0
1149	2010	1	0	0	1	0	0	-1	-1	-1	-1	1	-1	-1	1	0	0	0	-1	0
1150	2010	-1	-1	-1	1	-1	1	-1	-1	-1	0	1	-1	-1	1	0	1	0	-1	-1
1151	2010	1	-1	-1	1	0	0	1	-1	-1	-1	1	-1	-1	-1	-1	1	-1	-1	1
1152	2010	1	-1	-1	1	1	-1	-1	-1	1	-1	1	0	-1	1	0	1	-1	-1	1
1153	2010	1	-1	-1	1	-1	1	-1	1	-1	-1	1	-1	-1	1	-1	1	0	-1	1
1154	2010	-1	-1	-1	1	1	1	1	-1	0	0	1	-1	-1	1	-1	0	0	0	0
1155	2010	0	-1	1	0	0	-1	-1	-1	-1	-1	1	1	-1	1	-1	1	1	-1	1
1156	2010	0	NA	-1	1	1	1	0	1	-1	-1	1	1	-1	1	1	-1	-1	-1	1
1157	2010	-1	-1	-1	-1	1	1	1	-1	-1	-1	1	-1	-1	1	-1	1	-1	1	-1
1158	2010	1	-1	-1	1	-1	-1	-1	-1	0	1	1	1	-1	1	-1	1	0	-1	1
1159	2010	1	-1	-1	1	0	1	-1	-1	0	0	0	0	0	0	0	0	0	0	0
1160	2010	1	0	0	1	0	1	0	-1	-1	-1	1	1	-1	1	-1	0	0	-1	1
1161	2010	-1	-1	-1	1	1	1	-1	-1	-1	-1	1	-1	1	1	-1	1	-1	-1	1
1162	2010	1	-1	-1	1	1	1	0	NA	NA	NA	NA	0	0	0	0	0	0	0	0
1163	2010	NA	NA	NA	NA	NA	NA	NA	-1	0	1		1	-1	1	-1	1	0	0	1
1164	2010	0	-1	-1	0	1	1	1	-1	-1	-1	1	-1	-1	1	-1	1	-1	-1	1
1165	2010	-1	-1	-1	1	1	1	-1	-1	0	0	1	1	-1	0	0	1	1	-1	1
1166	2010	1	-1	-1	1	1	1	1	NA	NA	NA	NA	0	0	0	0	0	0	0	0
1167	2010	NA	NA	NA	1	NA	NA	NA	-1	1	1	1	1	-1	1	-1	1	1	1	1
1168	2010	-1	-1	-1	1	1	1	1	-1	-1	-1	1	-1	-1	-1	-1	1	0	0	0
1169	2010	-1	-1	-1	-1	1	0	-1	-1	-1	-1	1	1	-1	-1	-1	1	-1	-1	-1
1170	2010	-1	-1	-1	0	-1	1	-1	NA	NA	NA	NA	0	0	0	0	0	0	0	0
1171	2010	NA	NA	NA	NA	NA	NA	NA	NA	NA	NA	1	0	0	0	0	0	0	0	0
1172	2010	NA	NA	NA	1	1	1	NA	-1	-1	-1	1	-1	-1	1	-1	1	1	-1	0
1173	2010	-1	-1	-1	1	1	1	0	NA	NA	NA	NA	0	0	0	0	0	0	0	0
1174	2010	NA	NA	NA	NA	NA	NA	NA	-1	-1	-1	1	1	-1	1	-1	1	-1	-1	-1
1175	2010	-1	-1	-1	1	0	1	1	-1	-1	-1	1	1	-1	1	-1	1	-1	-1	1
1176	2010	-1	-1	-1	1	1	1	0				1	-1	-1	1	-1	1	1	-1	-1
1177	2010	-1	-1	-1	1	1	1	-1	-1	0	0	1	1	-1	1	-1	0	-1	-1	-1
1178	2010	-1	-1	-1	1	1	1	-1	-1	-1	1	1	1	0	1	0	1	0	0	0
1179	2010	1	-1	0	-1	0	-1	-1	-1	1	1	1	1	-1	1	0	1	0	0	1
1180	2010	0	-1	-1	1	1	0	1	-1	-1	-1	1	1	-1	0	-1	-1	1	-1	0
1181	2010	-1	-1	-1	0	1	0	1	-1	-1	-1	1	1	-1	1	-1	-1	-1	-1	0
1182	2010	0	-1	-1	1	-1	1	1	NA	NA	NA	NA	0	0	0	0	0	0	0	0
1183	2010	NA	NA	NA	NA	NA	NA	NA	-1	0	1	1	-1	1	-1	-1	1	1	-1	1
1184	2010	-1	-1	-1	1	1	1	0	NA	NA	NA	1	0	0	1	0	0	0	0	0
1185	2010	NA	NA	NA	1	NA	NA	NA	-1	-1	-1	1	1	-1	-1	-1	1	-1	-1	-1
1186	2010	1	0	0	1	-1	1	-1	-1	-1	1	1	1	-1	1	0	1	-1	-1	-1
1187	2010	-1	-1	-1	1	1	1	1	-1	-1	-1	1	1	-1	1	-1	1	-1	-1	-1
1188	2010	1	-1	-1	1	1	1	-1	-1	-1	-1	1	-1	-1	1	-1	1	-1	-1	-1
1189	2010	-1	-1	-1	1	1	1	1	-1		1		1	-1	0	1	1	-1	-1	-1
1190	2010	0	0	0	0	0	0	0	-1	-1	0	1	1	-1	1	-1	0	-1	-1	-1
1191	2010	-1	-1	-1	1	0	1	1	-1	1	1	1	-1	-1	1	-1	1	-1	-1	1
1192	2010	1	-1	-1	1	-1	1	-1	-1	-1	-1	1	1	-1	0	-1	1	-1	-1	0
1193	2010	0	-1	-1	-1	1	-1	1	NA	NA	NA	1	0	0	1	0	0	0	1	0
1194	2010	NA	NA	NA	1	NA	NA	NA	-1	-1	-1	1	-1	-1	1	0	1	-1	-1	1
1195	2010	0	0	-1	1	1	0	0	NA	NA	NA	1	0	0	1	0	0	0	0	1
1196	2010	0	-1	-1	1	NA	1	1	1	-1	1	1	1	-1	1	-1	1	1	-1	1
1197	2010	0	-1	-1	1	1	1	1	-1	-1	-1	1	1	-1	0	-1	1	0	-1	-1
1198	2010	-1	-1	-1	1	1	1	-1	1	-1	-1	1	-1	-1	1	-1	1	0	0	1
1199	2010	0	-1	-1	1	0	1	0	-1	-1	0	1	-1	-1	1	-1	1	-1	0	0
1200	2010	1	-1	-1	1	1	-1	-1	-1	-1	-1	1	-1	-1	0	-1	1	0	-1	1
1201	2010	0	-1	-1	1	-1	0	0	-1	-1	-1	1	1	-1	1	0	1	0	-1	-1
1202	2010	1	-1	-1	1	0	1	0	-1	-1	-1	1	-1	-1	1	-1	1	1	-1	-1
1203	2010	1	-1	-1	1	1	1	1	-1	-1	1	1	1	-1	1	-1	1	1	-1	1
1204	2010	1	0	-1	1	1	-1	1	-1	-1	-1	1	1	-1	-1	-1	1	-1	-1	1
1205	2010	-1	-1	-1	-1	1	1	1	-1	-1	-1	1	1	-1	0	1	1	-1	-1	-1
1206	2010	-1	-1	-1	1	1	1	1	-1	-1	0	1	1	-1	1	-1	1	-1	-1	-1
1207	2010	1	-1	-1	1	-1	0	-1	-1	-1	-1	1	-1	0	1	1	1	-1	0	1
1208	2010	1	1	1	1	-1	1	-1	-1	-1	-1	1	1	-1	1	0	1	-1	-1	-1
1209	2010	1	0	0	1	1	1	1	-1	-1	-1	1	-1	-1	1	-1	1	0	-1	1
1210	2010	-1	-1	-1	-1	1	1	1	-1	-1	-1	1	1	-1	0	-1	1	0	-1	0
1211	2010	-1	-1	-1	0	1	1	1	-1	-1	-1	1	-1	-1	-1	-1	-1	-1	-1	-1
1212	2010	-1	-1	-1	1	0	1	0	-1	-1	-1	1	1	-1	1	-1	1	1	-1	-1
1213	2010	-1	-1	-1	1	-1	1	-1	-1	-1	-1	1	1	-1	-1	-1	1	-1	-1	-1
1214	2010	-1	-1	-1	-1	1	-1	1	-1	-1	-1	1	-1	-1	1	-1	1	1	-1	1
1215	2010	1	-1	-1	1	-1	1	-1	1	-1	-1	1	1	-1	1	-1	1	-1	-1	1
1216	2010	-1	-1	-1	1	1	1	-1	-1	-1	-1	1	-1	-1	1	-1	-1	0	0	0
1217	2010	-1	-1	-1	1	0	1	-1	-1	1	-1	1	-1	0	1	-1	1	-1	-1	-1
1218	2010	1	-1	-1	1	-1	1	-1	-1	-1	-1	1	-1	1	-1	1	0	-1	-1	0
1219	2010	-1	-1	-1	1	0	1	1	-1	-1	-1	1	-1	-1	1	-1	1	-1	-1	-1
1220	2010	1	-1	-1	1	0	1	-1	NA	NA	NA	NA	1	0	0	0	0	0	0	0
1221	2010	NA	NA	NA	1	1	NA	NA	-1	-1	-1	1	1	1	0	0	1	-1	-1	-1
1222	2010	-1	1	NA	NA	1	1	1	-1	0	0	1	-1	-1	1	1	1	-1	-1	-1
1223	2010	-1	-1	-1	1	1	1	1	-1	NA	NA	1	0	0	1	0	1	0	0	0
1224	2010	NA	NA	NA	1	NA	1	-1	-1	-1	-1	NA	1	-1	1	1	1	-1	1	-1
1225	2010	-1	NA	-1	1	0	1	NA	-1	-1	-1	1	1	-1	0	-1	1	-1	-1	-1
1226	2010	-1	-1	-1	1	1	1	1	-1	1	1	1	1	-1	1	0	1	-1	-1	1
1227	2010	0	-1	-1	1	0	1	0	-1	-1	-1	1	1	-1	1	-1	1	0	-1	0
1228	2010	1	-1	-1	1	-1	0	-1	-1	-1	-1	1	1	-1	1	-1	1	-1	-1	1
1229	2010	-1	-1	-1	1	1	1	1	-1	-1	-1	-1	-1	-1	1	-1	0	0	-1	1
1230	2010	-1	-1	-1	1	1	1	1	-1	-1	0	1	-1	-1	1	0	0	0	0	0
1231	2010	-1	-1	-1	1	0	1	0	-1	-1	-1	1	1	-1	0	-1	1	0	-1	0
1232	2010	-1	-1	-1	0	1	1	1	-1	-1	-1	1	1	-1	-1	-1	1	-1	-1	-1
1233	2010	-1	-1	-1	-1	1	1	1	-1	-1	-1	1	1	-1	1	-1	1	0	-1	1
1234	2010	1	-1	-1	1	0	1	-1	-1	-1	1	1	0	0	1	0	0	0	0	1
1235	2010	0	NA	NA	1	NA	NA	NA	-1	-1	-1	1	1	-1	-1	-1	1	0	-1	1
1236	2010	-1	NA	-1	-1	1	-1	1	-1	-1	-1	1	1	0	0	-1	1	-1	-1	-1
1237	2010	-1	-1	-1	-1	0	1	1	-1	-1	-1	1	1	-1	1	0	1	0	0	1
1238	2010	1	-1	-1	1	1	1	1	-1	0	NA	1	1	-1	0	-1	1	1	-1	-1
1239	2010	-1	-1	-1	1	1	-1	1	-1	-1	-1	1	1	-1	1	1	1	-1	1	-1
1240	2010	-1	-1	-1	1	0	1	1	-1	1	1	1	-1	-1	1	-1	1	1	-1	1
1241	2010	1	-1	1	1	-1	1	-1	-1	1	1	1	-1	0	1	1	0	-1	1	0
1242	2010	1	-1	0	1	1	0	-1	NA	NA	NA	1	1	0	0	0	0	0	0	0
1243	2010	NA	NA	NA	NA	1	1	NA	-1	-1	-1	1	-1	-1	1	1	1	0	1	0
1244	2010	-1	0	-1	1	-1	1	-1	-1	-1	0	1	1	-1	-1	-1	1	1	-1	-1
1245	2010	-1	-1	-1	1	0	1	1	-1	1	-1	1	-1	-1	1	-1	1	-1	-1	-1
1246	2010	1	-1	-1	1	0	1	-1	-1	-1	-1	1	-1	-1	1	-1	0	0	-1	1
1247	2010	1	-1	-1	1	-1	0	-1	-1	-1	-1	1	0	-1	1	-1	1	0	-1	0
1248	2010	-1	0	0	1	1	1	-1	-1	-1	-1	1	1	-1	1	-1	1	-1	-1	-1
1249	2010	-1	-1	-1	1	1	1	1	-1	-1	-1	1	-1	-1	1	-1	0	-1	-1	-1
1250	2010	-1	-1	-1	1	1	1	-1	NA	NA	1	NA	0	0	1	0	0	0	0	0
1251	2010	1	NA	NA	NA	NA	1	NA	-1	-1	1	1	1	-1	1	0	0	-1	-1	-1
1252	2010	-1	-1	-1	1	-1	1	1	-1	-1	-1	1	1	-1	1	-1	1	-1	-1	-1
1253	2010	-1	-1	-1	1	1	1	0	-1	1	1	1	-1	-1	1	0	1	0	0	0
1254	2010	1	0	0	1	0	1	0	-1	-1	-1	1	1	-1	-1	-1	1	0	-1	-1
1255	2010	-1	-1	-1	0	1	1	0	NA	NA	NA	-1	0	0	-1	0	0	0	0	-1
1256	2010	-1	0	0	1	0	1	1	-1	-1	-1	1	1	1	1	-1	1	0	-1	0
1257	2010	-1	-1	-1	-1	1	1	1	-1	0	1	0	1	-1	1	-1	1	-1	-1	-1
1258	2010	-1	-1	-1	0	1	1	1	-1	1	1	1	1	0	0	1	0	0	0	0
1259	2010	-1	-1	-1	-1	-1	-1	-1	-1	-1	-1	1	-1	0	1	-1	1	0	-1	-1
1260	2010	0	-1	-1	1	1	1	0	-1	-1	-1	1	-1	-1	-1	1	1	0	-1	1
1261	2010	-1	-1	-1	1	-1	1	-1	-1	-1	-1	1	1	-1	1	-1	0	-1	-1	1
1262	2010	1	NA	1	NA	1	NA	NA	-1	-1	-1	1	0	-1	-1	-1	1	-1	-1	1
1263	2010	-1	-1	-1	-1	1	1	1	-1	-1	-1	1	-1	-1	1	0	1	-1	-1	1
1264	2010	1	-1	-1	1	1	1	-1	-1	-1	1	1	1	-1	-1	-1	1	-1	-1	-1
1265	2010	-1	-1	1	-1	1	-1	-1	-1	-1	-1	1	-1	-1	-1	-1	1	-1	-1	1
1266	2010	-1	-1	-1	-1	1	1	1	-1	0	1	1	1	-1	1	-1	1	0	-1	1
1267	2010	-1	-1	-1	1	0	-1	-1	-1	1	1	1	0	-1	1	0	1	1	-1	-1
1268	2010	-1	-1	-1	-1	1	1	1	-1	-1	-1	1	-1	-1	1	0	1	1	-1	1
1269	2010	1	0	0	1	-1	1	-1	-1	NA	-1	1	0	0	0	0	0	0	0	0
1270	2010	1	0	0	1	1	1	1	NA	NA	NA	NA	0	-1	-1	-1	1	-1	-1	-1
1271	2010	-1	-1	-1	-1	1	1	1	-1	-1	1	0	1	-1	0	1	1	-1	-1	1
1272	2010	-1	-1	-1	0	-1	1	0	-1	-1	-1	1	-1	0	1	0	0	-1	-1	-1
1273	2010	1	1	0	1	-1	0	-1	-1	-1	-1	1	1	-1	1	-1	1	0	-1	-1
1274	2010	-1	-1	-1	-1	1	1	1	-1	-1	-1	1	1	-1	0	-1	0	-1	-1	-1
1275	2010	-1	-1	-1	1	1	1	-1	-1	1	1	-1	-1	1	-1	-1	1	-1	-1	0
1276	2010	-1	-1	0	1	0	0	1	-1	-1	-1	1	0	-1	1	-1	1	-1	-1	-1
1277	2010	-1	-1	-1	1	-1	1	1	-1	-1	-1	1	1	-1	0	-1	1	-1	-1	-1
1278	2010	1	-1	-1	0	-1	-1	1	-1	-1	-1	1	-1	-1	1	-1	1	0	1	0
1279	2010	-1	-1	-1	1	-1	0	1	-1	-1	-1	1	-1	-1	1	-1	-1	-1	-1	-1
1280	2010	1	-1	-1	1	-1	0	-1	-1	-1	-1	1	1	-1	0	0	-1	-1	-1	-1
1281	2010	-1	-1	-1	-1	1	1	1	-1	-1	-1	1	1	-1	-1	-1	1	-1	-1	-1
1282	2010	-1	-1	-1	-1	1	1	0	-1	-1	-1	1	1	-1	1	-1	-1	-1	-1	-1
1283	2010	-1	-1	-1	-1	1	1	0	-1	-1	-1	1	0	1	0	-1	1	0	1	-1
1284	2010	1	-1	-1	1	-1	0	1	1	-1	-1	1	1	-1	1	-1	1	1	-1	1
1285	2010	-1	-1	-1	1	0	1	1	0	-1	1	1	1	1	1	1	1	1	1	1
1286	2010	-1	-1	1	1	-1	1	1	-1	-1	0	1	1	-1	1	-1	1	0	-1	-1
1287	2010	1	-1	-1	1	0	0	0	-1	-1	0	1	1	-1	1	-1	1	0	-1	-1
1288	2010	-1	-1	-1	1	0	NA	-1	-1	-1	-1	1	1	-1	0	0	0	-1	-1	1
1289	2010	0	0	0	0	0	0	0	0	-1	-1	1	-1	-1	1	-1	1	-1	-1	0
1290	2010	-1	-1	-1	1	0	1	-1	-1	-1	0	1	1	-1	0	0	1	1	-1	-1
1291	2010	1	-1	-1	1	0	0	-1	-1	-1	-1	1	1	-1	1	-1	1	0	-1	1
1292	2010	1	-1	-1	1	0	0	0	1	-1	1	1	1	-1	-1	-1	1	0	-1	1
1293	2010	1	-1	-1	1	1	0	-1	0	0	0	0	0	-1	0	0	0	0	0	0
1294	2010	-1	-1	-1	1	-1	0	-1	0	0	0	0	1	-1	1	1	1	-1	-1	-1
1295	2010	-1	-1	-1	1	1	-1	0	-1	-1	-1	1	-1	-1	-1	-1	1	-1	-1	1
1296	2010	-1	-1	-1	1	1	1	1	1	0	0	1	-1	-1	1	1	1	0	1	1
1297	2010	1	0	1	1	-1	0	-1	-1	0	0	1	-1	0	1	0	1	-1	-1	1
1298	2010	1	0	0	1	-1	-1	-1	-1	NA	NA	1	1	0	1	0	1	0	0	0
1299	2010	-1	NA	NA	NA	NA	NA	NA	-1	-1	-1	1	-1	-1	1	-1	1	1	-1	1
1300	2010	1	-1	-1	1	0	1	-1	-1	-1	-1	1	-1	-1	1	0	1	-1	-1	1
1301	2010	1	-1	-1	1	0	0	1	-1	1	0	1	-1	-1	1	1	1	-1	-1	0
1302	2010	1	-1	-1	1	NA	NA	NA	-1	-1	0	1	1	-1	0	-1	0	-1	-1	-1
1303	2010	0	-1	-1	-1	0	1	1	-1	1	1	1	1	-1	-1	-1	1	-1	-1	-1
1304	2010	-1	-1	-1	-1	1	1	1	-1	1	1	1	1	-1	1	-1	0	-1	-1	-1
1305	2010	-1	-1	-1	-1	1	1	1	-1	-1	-1	1	1	-1	1	-1	1	-1	-1	1
1306	2010	1	-1	-1	1	1	1	-1	-1	-1	-1	1	1	-1	1	-1	1	-1	-1	1
1307	2010	1	-1	-1	1	1	1	1	-1	0	1	1	1	0	0	0	0	0	0	0
1308	2010	0	-1	-1	0	1	1	NA	-1	-1	0	1	1	-1	1	-1	1	1	-1	1
1309	2010	NA	-1	1	1	1	1	-1	-1	-1	0	1	-1	-1	0	0	0	-1	-1	-1
1310	2010	-1	-1	0	0	1	1	1	-1	-1	-1	1	1	-1	1	0	1	1	-1	1
1311	2010	1	1	1	1	-1	1	-1	-1	-1	1	1	1	-1	1	-1	0	1	0	0
1312	2010	1	-1	-1	1	1	1	-1	1	-1	-1	-1	-1	-1	-1	-1	1	1	-1	-1
1313	2010	-1	-1	-1	-1	-1	-1	1	-1	-1	-1	1	1	-1	-1	-1	1	-1	-1	0
1314	2010	-1	-1	-1	0	1	1	1	NA	NA	NA	1	0	0	1	0	0	0	1	0
1315	2010	1	NA	NA	1	NA	NA	NA	-1	-1	-1	1	-1	-1	1	-1	1	-1	-1	1
1316	2010	1	-1	-1	1	-1	1	-1	NA	NA	NA	1	0	0	1	0	1	0	0	1
1317	2010	NA	NA	NA	1	NA	NA	NA	-1	0	1	1	1	-1	0	-1	0	0	-1	1
1318	2010	1	-1	-1	1	0	-1	-1	-1	-1	-1	1	0	-1	1	-1	1	-1	-1	-1
1319	2010	-1	-1	-1	1	1	1	1	-1	-1	-1	1	-1	-1	1	-1	0	-1	-1	-1
1320	2010	1	-1	-1	1	-1	-1	-1	-1	-1	1	0	1	-1	0	-1	1	-1	-1	1
1321	2010	-1	-1	-1	-1	1	1	1	-1	1	1	1	1	-1	1	-1	1	-1	-1	1
1322	2010	1	-1	-1	1	0	1	0	-1	1	1	1	-1	-1	1	-1	1	-1	1	-1
1323	2010	1	-1	-1	1	NA	1	-1	-1	1	-1	1	-1	-1	1	-1	1	-1	-1	1
1324	2010	-1	-1	-1	1	1	1	-1	-1	-1	-1	-1	1	-1	0	-1	0	-1	0	-1
1325	2010	1	0	0	-1	-1	0	-1	NA	NA	NA	-1	0	0	-1	0	0	0	0	0
1326	2010	-1	NA	NA	NA	NA	NA	NA	-1	-1	-1	1	1	-1	1	-1	1	0	-1	1
1327	2010	-1	-1	-1	-1	1	1	1	-1	-1	-1	1	-1	-1	1	-1	1	-1	-1	-1
1328	2010	1	-1	-1	-1	1	1	-1	-1	1	1	1	-1	-1	1	-1	1	-1	1	-1
1329	2010	1	-1	-1	1	NA	1	-1	-1	1	1	1	-1	-1	1	1	1	0	-1	-1
1330	2010	-1	-1	-1	1	0	1	-1	NA	NA	NA	1	0	0	0	0	0	0	0	0
1331	2010	1	NA	NA	NA	NA	NA	NA	-1	-1	-1	1	1	-1	0	-1	0	0	-1	0
1332	2010	-1	-1	-1	0	1	0	1	-1	-1	-1	1	0	0	0	0	0	0	0	0
1333	2010	0	0	0	0	0	0	0	-1	0	0	1	1	-1	1	-1	1	-1	-1	-1
1334	2010	-1	-1	-1	-1	1	1	1	-1	-1	0	1	0	-1	0	-1	1	0	-1	1
1335	2010	-1	-1	-1	0	1	0	1	-1	-1	-1	1	1	-1	-1	-1	1	0	0	0
1336	2010	-1	-1	-1	0	1	1	1	-1	-1	-1	1	-1	-1	1	-1	1	-1	-1	-1
1337	2010	-1	-1	-1	1	1	1	-1	-1	-1	-1	1	1	-1	-1	-1	1	1	-1	-1
1338	2010	-1	-1	-1	-1	1	1	1	NA	NA	NA	1	1	0	0	0	0	0	0	0
1339	2010	NA	NA	NA	NA	NA	1	NA	-1	-1	-1	1	-1	-1	1	-1	1	-1	-1	-1
1340	2010	-1	-1	-1	1	1	1	0	-1	-1	-1	1	1	-1	1	-1	1	1	-1	1
1341	2010	-1	-1	-1	1	1	1	1	-1	1	1	1	-1	-1	1	1	1	-1	1	-1
1342	2010	1	1	1	-1	-1	-1	-1	-1	1	1	1	0	1	0	1	1	-1	1	0
1343	2010	0	-1	-1	1	1	1	-1	-1	1	1	1	-1	-1	1	1	1	-1	1	0
1344	2010	1	0	0	1	1	1	0	0	-1	NA	NA	1	0	0	1	1	0	0	0
1345	2010	1	0	0	1	1	1	1	-1	1	1	1	-1	-1	1	1	1	-1	1	-1
1346	2010	1	-1	-1	1	0	1	-1	-1	-1	1	1	-1	-1	1	1	1	-1	0	0
1347	2010	1	1	1	1	1	-1	1	-1	-1	0	1	-1	-1	1	1	0	-1	0	0
1348	2010	-1	-1	-1	-1	1	1	1	-1	0	1	1	1	-1	1	-1	1	-1	-1	-1
1349	2010	-1	-1	-1	1	1	1	0	-1	-1	-1	1	-1	-1	1	-1	1	-1	-1	-1
1350	2010	1	-1	-1	1	1	1	-1	NA	NA	NA	1	0	1	0	0	0	0	0	0
1351	2010	NA	NA	NA	1	NA	NA	NA	-1	-1	-1	1	0	-1	0	-1	1	1	-1	0
1352	2010	-1	-1	-1	-1	1	1	1	-1	-1	-1	1	1	-1	1	-1	1	-1	-1	0
1353	2010	-1	-1	-1	1	1	-1	1	NA	-1	NA	1	0	0	1	0	0	1	-1	1
1354	2010	0	-1	1	1	NA	NA	NA	NA	NA	NA	-1	0	-1	1	-1	0	0	0	0
1355	2010	-1	1	NA	1	-1	-1	-1	0	0	0	1	-1	0	0	0	1	0	-1	1
1356	2010	1	-1	-1	1	-1	1	1	-1	-1	1	1	1	-1	1	-1	1	-1	-1	-1
1357	2010	-1	1	1	1	1	-1	-1	NA	NA	NA	NA	0	0	0	0	0	0	0	0
1358	2010	NA	NA	NA	NA	NA	NA	NA	-1	NA	-1	1	-1	1	-1	1	1	0	-1	0
1359	2010	0	NA	-1	1	1	1	-1	-1	NA	NA	1	0	0	1	1	0	0	0	0
1360	2010	1	NA	NA	1	NA	1	NA	-1	-1	-1	1	-1	-1	1	-1	1	0	-1	0
1361	2010	1	-1	-1	1	1	1	-1	-1	-1	-1	1	1	-1	1	-1	1	-1	-1	0
1362	2010	-1	-1	-1	-1	1	1	1	-1	-1	1	1	1	-1	-1	-1	1	-1	-1	-1
1363	2010	-1	-1	-1	-1	1	1	1	NA	NA	NA	1	0	0	1	0	0	0	0	1
1364	2010	NA	NA	NA	NA	1	NA	NA	-1	1	-1	1	1	-1	0	-1	1	-1	1	0
1365	2010	-1	-1	-1	1	1	1	-1	-1	1	1	1	1	-1	1	0	1	0	-1	-1
1366	2010	1	0	0	1	1	1	-1	NA	NA	NA	1	1	0	0	0	0	0	0	0
1367	2010	0	0	0	0	0	0	0	0	0	1	1	1	-1	0	-1	1	0	-1	-1
1368	2010	-1	-1	-1	-1	1	1	1	-1	-1	0	1	0	-1	0	0	0	0	0	0
1369	2010	0	0	0	0	1	1	0	-1	-1	-1	1	1	-1	1	-1	1	-1	-1	-1
1370	2010	1	-1	-1	1	1	1	0	1	-1	1	1	0	0	0	-1	0	0	0	0
1371	2010	-1	-1	-1	1	1	1	1	-1	0	0	1	1	-1	0	1	1	0	1	0
1372	2010	0	1	0	1	0	0	0	-1	-1	-1	1	1	-1	1	0	1	-1	-1	-1
1373	2010	-1	-1	-1	1	1	1	1	-1	-1	-1	1	-1	-1	1	-1	-1	-1	-1	-1
1374	2010	-1	-1	-1	-1	0	0	1	-1	-1	-1	1	-1	-1	1	1	0	-1	-1	1
1375	2010	-1	-1	-1	1	1	1	1	NA	NA	NA	1	0	0	1	0	0	0	0	0
1376	2010	-1	-1	-1	1	1	1	1	NA	NA	NA	1	1	-1	1	-1	0	-1	-1	0
1377	2010	-1	-1	-1	0	1	1	1	NA	NA	NA	1	1	0	0	0	0	0	0	0
1378	2010	NA	NA	NA	NA	NA	1	NA	-1	-1	-1	1	-1	-1	1	-1	1	0	-1	0
1379	2010	-1	-1	-1	-1	0	1	1	-1	-1	-1	1	1	-1	1	-1	1	0	-1	0
1380	2010	1	-1	-1	1	1	0	-1	-1	-1	-1	1	-1	-1	1	-1	1	-1	-1	-1
1381	2010	-1	-1	-1	1	-1	1	0	-1	-1	-1	1	-1	-1	1	-1	0	0	-1	1
1382	2010	0	-1	-1	1	-1	1	0	NA	NA	NA	1	1	0	0	0	0	0	0	0
1383	2010	NA	NA	NA	1	NA	NA	NA	-1	1	1	1	-1	-1	1	-1	1	-1	-1	1
1384	2010	1	0	0	1	1	1	-1	-1	0	0	1	1	-1	1	-1	1	0	-1	1
1385	2010	-1	-1	-1	1	1	1	1	-1	-1	-1	1	-1	-1	1	-1	0	-1	-1	0
1386	2010	1	-1	-1	1	-1	1	-1	-1	-1	-1	-1	1	-1	1	0	1	-1	-1	0
1387	2010	-1	-1	-1	1	1	1	1	-1	-1	-1	1	1	-1	0	-1	1	-1	-1	-1
1388	2010	-1	-1	-1	0	1	1	1	-1	0	0	1	1	-1	-1	-1	1	-1	-1	-1
1389	2010	-1	-1	-1	-1	1	0	1	-1	-1	1	1	-1	-1	1	-1	1	-1	0	-1
1390	2010	1	-1	-1	1	1	-1	-1	-1	1	-1	1	-1	-1	1	0	1	-1	-1	1
1391	2010	1	-1	-1	1	0	-1	0	-1	-1	-1	1	1	-1	1	-1	0	-1	-1	0
1392	2010	-1	-1	-1	1	1	1	1	-1	-1	-1	1	1	-1	1	-1	1	0	0	0
1393	2010	-1	-1	-1	1	1	1	1	-1	-1	-1	1	-1	-1	1	-1	1	-1	-1	-1
1394	2010	-1	-1	-1	0	1	1	0	-1	-1	-1	1	-1	-1	1	0	1	-1	-1	1
1395	2010	-1	-1	-1	1	0	1	0	-1	1	1	1	0	-1	1	0	1	-1	0	1
1396	2010	1	-1	NA	1	-1	1	1	-1	-1	-1	1	-1	-1	1	0	1	-1	-1	1
1397	2010	-1	-1	-1	1	0	-1	1	-1	-1	-1	1	1	-1	0	0	1	-1	0	1
1398	2010	-1	-1	-1	1	1	1	1	-1	-1	-1	1	1	-1	1	1	1	-1	-1	-1
1399	2010	-1	-1	-1	1	1	1	1	NA	NA	NA	1	1	0	0	0	0	0	0	0
1400	2010	NA	NA	NA	NA	1	NA	1	-1	-1	-1	-1	1	-1	-1	-1	1	-1	-1	-1
1401	2010	-1	-1	-1	-1	1	1	1	-1	0	-1	1	1	-1	-1	-1	1	1	-1	0
1402	2010	-1	-1	-1	0	1	0	1	-1	-1	-1	1	-1	-1	1	-1	1	1	-1	1
1403	2010	1	-1	-1	1	1	1	-1	-1	1	1	1	0	1	1	1	1	-1	1	-1
1404	2010	1	0	1	1	1	1	-1	-1	0	0	1	1	-1	-1	-1	0	0	-1	0
1405	2010	1	-1	-1	1	0	1	0	-1	-1	-1	1	0	-1	0	-1	1	0	-1	-1
1406	2010	-1	-1	-1	1	0	1	1	-1	-1	-1	1	1	-1	0	-1	1	-1	1	0
1407	2010	-1	-1	-1	1	1	1	1	-1	-1	-1	1	1	-1	1	-1	1	-1	-1	-1
1408	2010	-1	-1	-1	1	-1	0	0	-1	0	0	1	1	-1	1	0	1	-1	-1	-1
1409	2010	0	-1	-1	-1	1	1	1	-1	-1	-1	1	1	-1	1	-1	1	-1	-1	0
1410	2010	-1	-1	-1	-1	-1	0	0	-1	0	0	1	0	-1	0	0	1	0	-1	0
1411	2010	0	0	0	-1	-1	-1	-1	1	1	-1	1	-1	-1	-1	-1	-1	-1	1	-1
1412	2010	NA	NA	NA	NA	NA	NA	NA	NA	NA	NA	NA	0	0	0	0	0	0	0	0
1413	2010	NA	NA	NA	NA	1	NA	1	NA	NA	1	NA	1	0	0	0	0	0	0	1
1414	2010	NA	NA	NA	NA	NA	NA	NA	NA	NA	NA	NA	0	0	0	0	0	0	0	0
1415	2010	-1	-1	-1	1	1	1	1	1	-1	1	1	1	-1	1	0	1	0	-1	-1
1416	2010	-1	0	1	1	1	1	1	-1	1	0	1	1	-1	0	0	1	-1	0	0
1417	2010	-1	-1	-1	-1	1	1	1	-1	-1	-1	1	-1	-1	1	-1	1	-1	-1	-1
1418	2010	-1	-1	-1	1	-1	1	-1	-1	-1	-1	1	-1	-1	1	-1	0	-1	-1	0
1419	2010	-1	NA	NA	NA	1	NA	1	NA	NA	NA	NA	1	0	0	0	0	0	0	0
1420	2010	NA	NA	NA	1	NA	1	NA	NA	NA	NA	1	0	0	1	0	0	0	0	0
1421	2010	-1	-1	-1	1	1	1	1	-1	-1	-1	1	-1	-1	1	0	1	-1	-1	1
1422	2010	-1	-1	-1	-1	NA	NA	NA	-1	-1	-1	-1	1	0	0	0	0	0	0	0
1423	2010	-1	-1	-1	1	0	1	-1	-1	-1	-1	1	-1	-1	1	-1	1	-1	-1	-1
1424	2010	1	-1	-1	1	1	1	-1	-1	-1	-1	1	-1	-1	1	-1	0	1	-1	1
1425	2010	0	-1	-1	1	0	1	0	1	-1	0	1	0	-1	1	0	1	0	-1	1
1426	2010	1	-1	-1	1	0	1	0	-1	-1	-1	1	-1	-1	1	-1	1	1	0	1
1427	2010	1	-1	-1	1	-1	1	-1	-1	-1	-1	1	-1	-1	1	1	1	-1	0	0
1428	2010	1	-1	-1	1	-1	0	-1	-1	-1	-1	1	-1	-1	1	-1	1	-1	-1	1
1429	2010	NA	NA	NA	1	NA	NA	NA	-1	-1	0	1	-1	-1	1	-1	1	1	-1	-1
1430	2010	1	-1	-1	1	1	1	-1	1	1	1	1	1	-1	1	-1	1	1	-1	1
1431	2010	1	-1	-1	1	0	1	1	1	-1	0	1	-1	-1	1	0	1	1	-1	1
1432	2010	0	1	1	0	1	1	0	-1	1	-1	1	1	-1	0	0	0	0	0	0
1433	2010	-1	-1	-1	-1	1	1	1	-1	-1	-1	1	1	-1	1	-1	1	-1	-1	-1
1434	2010	-1	-1	-1	-1	1	1	1	-1	-1	-1	1	1	-1	-1	-1	1	-1	-1	-1
1435	2010	NA	NA	NA	NA	1	1	-1	-1	-1	-1	1	-1	-1	1	-1	1	0	-1	-1
1436	2010	0	-1	-1	1	1	-1	0	0	-1	-1	1	-1	0	1	-1	1	-1	-1	1
1437	2010	-1	-1	-1	0	1	1	0	-1	-1	0	1	1	-1	0	-1	-1	-1	-1	0
1438	2010	-1	-1	-1	0	-1	1	1	-1	0	1	1	1	-1	1	-1	1	0	0	0
1439	2010	-1	-1	-1	-1	1	1	1	-1	-1	-1	1	1	-1	-1	-1	0	0	-1	1
1440	2010	0	-1	-1	1	0	1	0	-1	-1	-1	1	0	-1	1	-1	1	0	0	0
1441	2010	-1	-1	-1	-1	1	1	1	-1	-1	-1	1	1	-1	-1	-1	1	-1	-1	-1
1442	2010	-1	-1	-1	-1	1	0	1	-1	-1	-1	1	1	-1	0	-1	1	-1	-1	-1
1443	2010	0	-1	-1	1	1	1	1	-1	-1	-1	1	1	-1	1	-1	1	0	-1	0
1444	2010	-1	-1	-1	-1	1	1	1	NA	NA	NA	NA	1	-1	1	0	0	0	0	0
1445	2010	-1	-1	-1	1	1	1	1	-1	-1	1	1	1	-1	-1	-1	1	1	-1	0
1446	2010	-1	-1	-1	-1	1	1	1	-1	-1	-1	1	1	-1	1	-1	1	-1	-1	-1
1447	2010	-1	-1	-1	-1	1	1	1	-1	-1	0	1	1	-1	-1	-1	1	1	-1	1
1448	2010	-1	-1	-1	1	1	1	1	-1	1	1	1	1	-1	-1	-1	1	-1	-1	-1
1449	2010	-1	-1	-1	-1	1	1	1	-1	NA	NA	1	1	-1	0	0	1	1	-1	1
1450	2010	-1	-1	-1	0	1	1	1	-1	-1	-1	1	0	-1	1	-1	0	-1	0	0
1451	2010	0	-1	-1	1	1	1	0	-1	-1	-1	1	-1	-1	0	0	1	0	0	0
1452	2010	-1	-1	-1	-1	1	1	1	-1	1	1	1	1	-1	0	-1	1	0	-1	-1
1453	2010	-1	-1	-1	1	NA	1	1	-1	0	0	1	1	-1	1	0	0	0	0	0
1454	2010	-1	-1	-1	0	1	1	0	-1	-1	-1	1	1	-1	0	-1	1	0	-1	-1
1455	2010	0	-1	-1	1	1	1	0	-1	-1	-1	1	-1	-1	1	-1	0	-1	-1	-1
1456	2010	1	-1	-1	1	-1	-1	-1	-1	-1	-1	1	-1	-1	1	1	1	-1	-1	-1
1457	2010	-1	-1	-1	1	-1	0	1	-1	-1	-1	1	-1	-1	-1	-1	1	0	-1	-1
1458	2010	-1	-1	-1	-1	1	1	1	-1	-1	-1	1	1	-1	1	-1	1	-1	-1	-1
1459	2010	-1	-1	-1	-1	1	0	0	-1	-1	-1	1	1	-1	-1	-1	1	-1	-1	-1
1460	2010	NA	-1	-1	1	1	1	NA	-1	-1	-1	1	1	-1	0	-1	1	0	-1	-1
1461	2010	-1	-1	NA	1	0	1	1	-1	1	1	1	1	-1	1	0	1	0	-1	0
1462	2010	-1	-1	-1	1	1	1	-1	-1	-1	-1	1	1	-1	-1	-1	1	0	0	0
1463	2010	1	1	0	1	-1	0	-1	-1	0	0	1	-1	0	1	0	1	0	-1	1
1464	2010	0	-1	-1	-1	1	1	1	-1	-1	-1	1	1	-1	1	-1	1	-1	-1	0
1465	2010	-1	-1	-1	1	0	1	1	-1	-1	0	0	1	-1	1	-1	0	-1	-1	-1
1466	2010	-1	-1	-1	-1	1	1	1	-1	-1	-1	1	1	-1	-1	1	1	-1	-1	-1
1467	2010	-1	-1	-1	-1	1	1	0	-1	1	1	1	1	-1	-1	-1	1	-1	-1	-1
1468	2010	1	-1	-1	1	-1	1	1	-1	-1	-1	1	-1	-1	1	-1	0	-1	-1	-1
1469	2010	-1	0	0	0	1	1	1	0	0	0	1	1	0	1	0	1	-1	-1	0
1470	2010	-1	-1	-1	1	1	1	1	-1	1	1	1	-1	-1	1	0	1	-1	-1	-1
1471	2010	-1	-1	-1	1	-1	1	-1	-1	-1	-1	1	-1	-1	1	-1	1	-1	-1	1
1472	2010	NA	NA	NA	NA	NA	NA	NA	-1	-1	-1	1	1	-1	1	-1	1	1	-1	1
1473	2010	1	-1	-1	1	1	-1	0	-1	-1	1	1	1	-1	1	0	0	-1	-1	1
1474	2010	-1	-1	-1	0	-1	1	1	-1	-1	-1	1	-1	-1	1	0	1	0	-1	-1
1475	2010	1	-1	-1	1	1	0	-1	-1	-1	0	1	1	-1	1	-1	0	0	0	0
1476	2010	1	-1	-1	1	1	1	-1	-1	1	0	1	-1	-1	1	1	1	-1	-1	0
1477	2010	1	-1	-1	1	NA	NA	NA	-1	-1	1	1	1	0	1	-1	0	0	0	0
1478	2010	-1	-1	-1	-1	1	1	1	NA	NA	NA	1	1	0	0	0	0	0	0	0
1479	2010	NA	NA	NA	1	NA	NA	NA	-1	NA	NA	1	0	0	1	0	1	0	0	0
1480	2010	1	-1	-1	1	-1	-1	-1	-1	-1	-1	1	-1	-1	1	0	1	0	-1	1
1481	2010	-1	-1	-1	0	1	1	1	-1	1	1	1	-1	-1	1	-1	0	-1	-1	-1
1482	2010	-1	-1	-1	-1	1	1	-1	-1	-1	-1	1	1	-1	-1	-1	1	-1	-1	-1
1483	2010	-1	-1	-1	-1	1	-1	1	-1	1	0	1	-1	-1	1	-1	1	-1	-1	1
1484	2010	1	-1	-1	1	1	1	0	-1	-1	0	1	1	-1	0	-1	1	-1	-1	-1
1485	2010	-1	-1	-1	0	1	1	1	-1	-1	-1	1	1	-1	1	-1	1	0	-1	-1
1486	2010	-1	-1	-1	-1	-1	1	1	-1	-1	-1	1	1	-1	-1	-1	0	-1	-1	-1
1487	2010	-1	-1	-1	-1	1	1	1	NA	NA	NA	1	0	0	1	0	0	0	0	0
1488	2010	-1	-1	-1	1	1	1	0	-1	1	1	-1	0	-1	1	-1	1	0	-1	-1
1489	2010	1	-1	-1	1	1	1	-1	0	1	1	0	1	-1	-1	-1	0	-1	-1	-1
1490	2010	-1	-1	-1	-1	1	1	1	-1	-1	-1	1	1	-1	-1	-1	1	-1	-1	-1
1491	2010	-1	-1	-1	-1	1	1	1	NA	NA	NA	1	1	0	0	0	0	0	0	0
1492	2010	NA	NA	NA	NA	NA	NA	NA	-1	-1	-1	1	1	-1	-1	-1	1	1	-1	1
1493	2010	-1	-1	-1	-1	1	1	1	-1	-1	-1	1	-1	-1	1	0	1	-1	-1	1
1494	2010	1	-1	-1	1	1	1	-1	-1	-1	1	1	1	-1	-1	-1	1	-1	-1	-1
1495	2010	-1	-1	1	-1	1	-1	-1	-1	-1	-1	1	-1	-1	-1	-1	1	-1	-1	1
1496	2010	-1	-1	-1	-1	1	1	1	-1	0	1	1	1	-1	1	-1	1	0	-1	1
1497	2010	-1	-1	-1	1	0	-1	-1	-1	1	1	1	0	-1	1	0	1	1	-1	-1
1498	2010	-1	-1	-1	-1	1	1	1	-1	-1	-1	1	-1	-1	1	0	1	1	-1	1
1499	2010	1	0	0	1	-1	1	-1	-1	NA	-1	1	0	0	0	0	0	0	0	0
1500	2010	1	0	0	1	1	1	1	NA	NA	NA	NA	0	-1	-1	-1	1	-1	-1	-1
1501	2010	-1	-1	-1	-1	1	1	1	-1	-1	1	0	1	-1	0	1	1	-1	-1	1
1502	2010	-1	-1	-1	0	-1	1	0	-1	-1	-1	1	-1	0	1	0	0	-1	-1	-1
1503	2010	1	1	0	1	-1	0	-1	-1	-1	-1	1	1	-1	1	-1	1	0	-1	-1
1504	2010	-1	-1	-1	-1	1	1	1	-1	-1	-1	1	1	-1	0	-1	0	-1	-1	-1
1505	2010	-1	-1	-1	1	1	1	-1	-1	1	1	-1	-1	1	-1	-1	1	-1	-1	0
1506	2010	-1	-1	0	1	0	0	1	-1	-1	-1	1	0	-1	1	-1	1	-1	-1	-1
1507	2010	-1	-1	-1	1	-1	1	1	-1	-1	-1	1	1	-1	0	-1	1	-1	-1	-1
1508	2010	1	-1	-1	0	-1	-1	1	-1	-1	-1	1	-1	-1	1	-1	1	0	1	0
1509	2010	-1	-1	-1	1	-1	0	1	-1	-1	-1	1	-1	-1	1	-1	-1	-1	-1	-1
1510	2010	1	-1	-1	1	-1	0	-1	-1	-1	-1	1	1	-1	0	0	-1	-1	-1	-1
1511	2010	-1	-1	-1	-1	1	1	1	-1	-1	-1	1	1	-1	-1	-1	1	-1	-1	-1
1512	2010	-1	-1	-1	-1	1	1	0	-1	-1	-1	1	1	-1	1	-1	-1	-1	-1	-1
1513	2010	-1	-1	-1	-1	1	1	0	-1	-1	-1	1	0	1	0	-1	1	0	1	-1
1514	2010	1	-1	-1	1	-1	0	1	1	-1	-1	1	1	-1	1	-1	1	1	-1	1
1515	2010	-1	-1	-1	1	0	1	1	0	-1	1	1	1	1	1	1	1	1	1	1
1516	2010	-1	-1	1	1	-1	1	1	-1	-1	0	1	1	-1	1	-1	1	0	-1	-1
1517	2010	1	-1	-1	1	0	0	0	-1	-1	0	1	1	-1	1	-1	1	0	-1	-1
1518	2010	-1	-1	-1	1	0	NA	-1	-1	-1	-1	1	1	-1	0	0	0	-1	-1	1
1519	2010	0	0	0	0	0	0	0	0	-1	-1	1	-1	-1	1	-1	1	-1	-1	0
1520	2010	-1	-1	-1	1	0	1	-1	-1	-1	0	1	1	-1	0	0	1	1	-1	-1
1521	2010	1	-1	-1	1	0	0	-1	-1	-1	-1	1	1	-1	1	-1	1	0	-1	1
1522	2010	1	-1	-1	1	0	0	0	1	-1	1	1	1	-1	-1	-1	1	0	-1	1
1523	2010	1	-1	-1	1	1	0	-1	0	0	0	0	0	-1	0	0	0	0	0	0
1524	2010	-1	-1	-1	1	-1	0	-1	0	0	0	0	1	-1	1	1	1	-1	-1	-1
1525	2010	-1	-1	-1	1	1	-1	0	-1	-1	-1	1	-1	-1	-1	-1	1	-1	-1	1
1526	2010	-1	-1	-1	1	1	1	1	1	0	0	1	-1	-1	1	1	1	0	1	1
1527	2010	1	0	1	1	-1	0	-1	-1	0	0	1	-1	0	1	0	1	-1	-1	1
1528	2010	1	0	0	1	-1	-1	-1	-1	NA	NA	1	1	0	1	0	1	0	0	0
1529	2010	-1	NA	NA	NA	NA	NA	NA	-1	-1	-1	1	-1	-1	1	-1	1	1	-1	1
1530	2010	1	-1	-1	1	0	1	-1	-1	-1	-1	1	-1	-1	1	0	1	-1	-1	1
1531	2010	1	-1	-1	1	0	0	1	-1	1	0	1	-1	-1	1	1	1	-1	-1	0
1532	2010	1	-1	-1	1	NA	NA	NA	-1	-1	0	1	1	-1	0	-1	0	-1	-1	-1
1533	2010	0	-1	-1	-1	0	1	1	-1	1	1	1	1	-1	-1	-1	1	-1	-1	-1
1534	2010	-1	-1	-1	-1	1	1	1	-1	1	1	1	1	-1	1	-1	0	-1	-1	-1
1535	2010	-1	-1	-1	-1	1	1	1	-1	-1	-1	1	1	-1	1	-1	1	-1	-1	1
1536	2010	1	-1	-1	1	1	1	-1	-1	-1	-1	1	1	-1	1	-1	1	-1	-1	1
1537	2010	1	-1	-1	1	1	1	1	-1	0	1	1	1	0	0	0	0	0	0	0
1538	2010	0	-1	-1	0	1	1	NA	-1	-1	0	1	1	-1	1	-1	1	1	-1	1
1539	2010	NA	-1	1	1	1	1	-1	-1	-1	0	1	-1	-1	0	0	0	-1	-1	-1
1540	2010	-1	-1	0	0	1	1	1	-1	-1	-1	1	1	-1	1	0	1	1	-1	1
1541	2010	1	1	1	1	-1	1	-1	-1	-1	1	1	1	-1	1	-1	0	1	0	0
1542	2010	1	-1	-1	1	1	1	-1	1	-1	-1	-1	-1	-1	-1	-1	1	1	-1	-1
1543	2010	-1	-1	-1	-1	-1	-1	1	-1	-1	-1	1	1	-1	-1	-1	1	-1	-1	0
1544	2010	-1	-1	-1	0	1	1	1	NA	NA	NA	1	0	0	1	0	0	0	1	0
1545	2010	1	NA	NA	1	NA	NA	NA	-1	-1	-1	1	-1	-1	1	-1	1	-1	-1	1
1546	2010	1	-1	-1	1	-1	1	-1	NA	NA	NA	1	0	0	1	0	1	0	0	1
1547	2010	NA	NA	NA	1	NA	NA	NA	-1	0	1	1	1	-1	0	-1	0	0	-1	1
1548	2010	1	-1	-1	1	0	-1	-1	-1	-1	-1	1	0	-1	1	-1	1	-1	-1	-1
1549	2010	-1	-1	-1	1	1	1	1	-1	-1	-1	1	-1	-1	1	-1	0	-1	-1	-1
1550	2010	1	-1	-1	1	-1	-1	-1	-1	-1	1	0	1	-1	0	-1	1	-1	-1	1
1551	2010	-1	-1	-1	-1	1	1	1	-1	1	1	1	1	-1	1	-1	1	-1	-1	1
1552	2010	1	-1	-1	1	0	1	0	-1	1	1	1	-1	-1	1	-1	1	-1	1	-1
1553	2010	1	-1	-1	1	NA	1	-1	-1	1	-1	1	-1	-1	1	-1	1	-1	-1	1
1554	2010	-1	-1	-1	1	1	1	-1	-1	-1	-1	-1	1	-1	0	-1	0	-1	0	-1
1555	2010	1	0	0	-1	-1	0	-1	NA	NA	NA	-1	0	0	-1	0	0	0	0	0
1556	2010	-1	NA	NA	NA	NA	NA	NA	-1	-1	-1	1	1	-1	1	-1	1	0	-1	1
1557	2010	-1	-1	-1	-1	1	1	1	-1	-1	-1	1	-1	-1	1	-1	1	-1	-1	-1
1558	2010	1	-1	-1	-1	1	1	-1	-1	1	1	1	-1	-1	1	-1	1	-1	1	-1
1559	2010	1	-1	-1	1	NA	1	-1	-1	1	1	1	-1	-1	1	1	1	0	-1	-1
1560	2010	-1	-1	-1	1	0	1	-1	NA	NA	NA	1	0	0	0	0	0	0	0	0
1561	2010	1	NA	NA	NA	NA	NA	NA	-1	-1	-1	1	1	-1	0	-1	0	0	-1	0
1562	2010	-1	-1	-1	0	1	0	1	-1	-1	-1	1	0	0	0	0	0	0	0	0
1563	2010	0	0	0	0	0	0	0	-1	0	0	1	1	-1	1	-1	1	-1	-1	-1
1564	2010	-1	-1	-1	-1	1	1	1	-1	-1	0	1	0	-1	0	-1	1	0	-1	1
1565	2010	-1	-1	-1	0	1	0	1	-1	-1	-1	1	1	-1	-1	-1	1	0	0	0
1566	2010	-1	-1	-1	0	1	1	1	-1	-1	-1	1	-1	-1	1	-1	1	-1	-1	-1
1567	2010	-1	-1	-1	1	1	1	-1	-1	-1	-1	1	1	-1	-1	-1	1	1	-1	-1
1568	2010	-1	-1	-1	-1	1	1	1	NA	NA	NA	1	1	0	0	0	0	0	0	0
1569	2010	NA	NA	NA	NA	NA	1	NA	-1	-1	-1	1	-1	-1	1	-1	1	-1	-1	-1
1570	2010	-1	-1	-1	1	1	1	0	-1	-1	-1	1	1	-1	1	-1	1	1	-1	1
1571	2010	-1	-1	-1	1	1	1	1	-1	1	1	1	-1	-1	1	1	1	-1	1	-1
1572	2010	1	1	1	-1	-1	-1	-1	-1	1	1	1	0	1	0	1	1	-1	1	0
1573	2010	0	-1	-1	1	1	1	-1	-1	1	1	1	-1	-1	1	1	1	-1	1	0
1574	2010	1	0	0	1	1	1	0	0	-1	NA	NA	1	0	0	1	1	0	0	0
1575	2010	1	0	0	1	1	1	1	-1	1	1	1	-1	-1	1	1	1	-1	1	-1
1576	2010	1	-1	-1	1	0	1	-1	-1	-1	1	1	-1	-1	1	1	1	-1	0	0
1577	2010	1	1	1	1	1	-1	1	-1	-1	0	1	-1	-1	1	1	0	-1	0	0
1578	2010	-1	-1	-1	-1	1	1	1	-1	0	1	1	1	-1	1	-1	1	-1	-1	-1
1579	2010	-1	-1	-1	1	1	1	0	-1	-1	-1	1	-1	-1	1	-1	1	-1	-1	-1
1580	2010	1	-1	-1	1	1	1	-1	NA	NA	NA	1	0	1	0	0	0	0	0	0
1581	2010	NA	NA	NA	1	NA	NA	NA	-1	-1	-1	1	0	-1	0	-1	1	1	-1	0
1582	2010	-1	-1	-1	-1	1	1	1	-1	-1	-1	1	1	-1	1	-1	1	-1	-1	0
1583	2010	-1	-1	-1	1	1	-1	1	NA	-1	NA	1	0	0	1	0	0	1	-1	1
1584	2010	0	-1	1	1	NA	NA	NA	NA	NA	NA	-1	0	-1	1	-1	0	0	0	0
1585	2010	-1	1	NA	1	-1	-1	-1	0	0	0	1	-1	0	0	0	1	0	-1	1
1586	2010	1	-1	-1	1	-1	1	1	-1	-1	1	1	1	-1	1	-1	1	-1	-1	-1
1587	2010	-1	1	1	1	1	-1	-1	NA	NA	NA	NA	0	0	0	0	0	0	0	0
1588	2010	NA	NA	NA	NA	NA	NA	NA	-1	NA	-1	1	-1	1	-1	1	1	0	-1	0
1589	2010	0	NA	-1	1	1	1	-1	-1	NA	NA	1	0	0	1	1	0	0	0	0
1590	2010	1	NA	NA	1	NA	1	NA	-1	-1	-1	1	-1	-1	1	-1	1	0	-1	0
1591	2010	1	-1	-1	1	1	1	-1	-1	-1	-1	1	1	-1	1	-1	1	-1	-1	0
1592	2010	-1	-1	-1	-1	1	1	1	-1	-1	1	1	1	-1	-1	-1	1	-1	-1	-1
1593	2010	-1	-1	-1	-1	1	1	1	NA	NA	NA	1	0	0	1	0	0	0	0	1
1594	2010	NA	NA	NA	NA	1	NA	NA	-1	1	-1	1	1	-1	0	-1	1	-1	1	0
1595	2010	-1	-1	-1	1	1	1	-1	-1	1	1	1	1	-1	1	0	1	0	-1	-1
1596	2010	1	0	0	1	1	1	-1	NA	NA	NA	1	1	0	0	0	0	0	0	0
1597	2010	0	0	0	0	0	0	0	0	0	1	1	1	-1	0	-1	1	0	-1	-1
1598	2010	-1	-1	-1	-1	1	1	1	-1	-1	0	1	0	-1	0	0	0	0	0	0
1599	2010	0	0	0	0	1	1	0	-1	-1	-1	1	1	-1	1	-1	1	-1	-1	-1
1600	2010	1	-1	-1	1	1	1	0	1	-1	1	1	0	0	0	-1	0	0	0	0
1601	2010	-1	-1	-1	1	1	1	1	-1	0	0	1	1	-1	0	1	1	0	1	0
1602	2010	0	1	0	1	0	0	0	-1	-1	-1	1	1	-1	1	0	1	-1	-1	-1
1603	2010	-1	-1	-1	1	1	1	1	-1	-1	-1	1	-1	-1	1	-1	-1	-1	-1	-1
1604	2010	-1	-1	-1	-1	0	0	1	-1	-1	-1	1	-1	-1	1	1	0	-1	-1	1
1605	2010	-1	-1	-1	1	1	1	1	NA	NA	NA	1	0	0	1	0	0	0	0	0
1606	2010	-1	-1	-1	1	1	1	1	NA	NA	NA	1	1	-1	1	-1	0	-1	-1	0
1607	2010	-1	-1	-1	0	1	1	1	NA	NA	NA	1	1	0	0	0	0	0	0	0
1608	2010	NA	NA	NA	NA	NA	1	NA	-1	-1	-1	1	-1	-1	1	-1	1	0	-1	0